state,area,total_votes,rep_votes,dem_votes,third_votes,other_votes,year
Alabama,AUTAUGA,15585,0.5592,0.3092,0.1229,0.0087,1992
Alabama,BALDWIN,46476,0.5652,0.2624,0.1647,0.0076,1992
Alabama,BARBOUR,10431,0.429,0.4636,0.0978,0.0096,1992
Alabama,BIBB,6720,0.4649,0.4315,0.1021,0.0015,1992
Alabama,BLOUNT,16505,0.5381,0.3292,0.1181,0.0146,1992
Alabama,BULLOCK,4816,0.2602,0.6767,0.0552,0.0079,1992
Alabama,BUTLER,8478,0.4121,0.4743,0.1023,0.0113,1992
Alabama,CALHOUN,42800,0.4818,0.3844,0.1102,0.0235,1992
Alabama,CHAMBERS,13091,0.434,0.4536,0.109,0.0034,1992
Alabama,CHEROKEE,7876,0.3485,0.5361,0.1074,0.008,1992
Alabama,CHILTON,14468,0.5617,0.3419,0.0942,0.0023,1992
Alabama,CHOCTAW,7560,0.406,0.5213,0.0647,0.0081,1992
Alabama,CLARKE,11717,0.469,0.4287,0.0744,0.0279,1992
Alabama,CLAY,5755,0.4968,0.3602,0.1133,0.0297,1992
Alabama,CLEBURNE,5237,0.4631,0.4094,0.1203,0.0073,1992
Alabama,COFFEE,15533,0.4887,0.3719,0.1301,0.0093,1992
Alabama,COLBERT,22439,0.3598,0.544,0.0935,0.0028,1992
Alabama,CONECUH,6307,0.3905,0.5002,0.0875,0.0217,1992
Alabama,COOSA,4798,0.4112,0.4856,0.0992,0.004,1992
Alabama,COVINGTON,13962,0.4899,0.3584,0.1347,0.017,1992
Alabama,CRENSHAW,5290,0.4422,0.4544,0.0917,0.0117,1992
Alabama,CULLMAN,29043,0.4962,0.3598,0.1416,0.0023,1992
Alabama,DALE,15787,0.5145,0.3229,0.1535,0.0091,1992
Alabama,DALLAS,19604,0.3772,0.5638,0.0566,0.0024,1992
Alabama,DEKALB,21585,0.4873,0.382,0.127,0.0037,1992
Alabama,ELMORE,20388,0.557,0.3052,0.1356,0.0022,1992
Alabama,ESCAMBIA,12824,0.4644,0.375,0.126,0.0346,1992
Alabama,ETOWAH,42451,0.4115,0.4843,0.1008,0.0035,1992
Alabama,FAYETTE,8470,0.4255,0.4522,0.1195,0.0028,1992
Alabama,FRANKLIN,11858,0.4043,0.502,0.0907,0.003,1992
Alabama,GENEVA,9867,0.4908,0.3671,0.1341,0.008,1992
Alabama,GREENE,4881,0.1649,0.7918,0.0397,0.0035,1992
Alabama,HALE,6023,0.3322,0.578,0.0807,0.0091,1992
Alabama,HENRY,6499,0.457,0.4315,0.1026,0.0089,1992
Alabama,HOUSTON,29760,0.5833,0.2976,0.1173,0.0017,1992
Alabama,JACKSON,18916,0.3019,0.5619,0.1302,0.0061,1992
Alabama,JEFFERSON,298884,0.5013,0.4212,0.0742,0.0033,1992
Alabama,LAMAR,6898,0.4729,0.413,0.1106,0.0035,1992
Alabama,LAUDERDALE,33756,0.4067,0.4721,0.1188,0.0025,1992
Alabama,LAWRENCE,11589,0.3086,0.5491,0.1401,0.0022,1992
Alabama,LEE,35490,0.4758,0.388,0.1288,0.0074,1992
Alabama,LIMESTONE,21597,0.4566,0.3745,0.1659,0.003,1992
Alabama,LOWNDES,5148,0.258,0.6799,0.0552,0.007,1992
Alabama,MACON,8762,0.1294,0.8278,0.0323,0.0105,1992
Alabama,MADISON,107834,0.4771,0.3614,0.1575,0.004,1992
Alabama,MARENGO,11244,0.3975,0.5009,0.0817,0.0198,1992
Alabama,MARION,13270,0.4289,0.4647,0.1047,0.0017,1992
Alabama,MARSHALL,26717,0.4585,0.3901,0.142,0.0094,1992
Alabama,MOBILE,143788,0.5072,0.3822,0.1051,0.0055,1992
Alabama,MONROE,9745,0.5048,0.3973,0.0779,0.02,1992
Alabama,MONTGOMERY,86152,0.4729,0.4334,0.0888,0.0049,1992
Alabama,MORGAN,43978,0.4792,0.3431,0.1747,0.003,1992
Alabama,PERRY,5813,0.3146,0.6386,0.0366,0.0101,1992
Alabama,PICKENS,8142,0.4463,0.4646,0.0847,0.0043,1992
Alabama,PIKE,11193,0.4845,0.4188,0.0915,0.0052,1992
Alabama,RANDOLPH,8152,0.4677,0.407,0.1127,0.0125,1992
Alabama,RUSSELL,15689,0.3561,0.5512,0.0867,0.0061,1992
Alabama,SHELBY,48165,0.6797,0.2142,0.1043,0.0019,1992
Alabama,ST. CLAIR,21624,0.5756,0.3014,0.1209,0.0021,1992
Alabama,SUMTER,7025,0.2572,0.6847,0.0552,0.0028,1992
Alabama,TALLADEGA,26264,0.4821,0.4072,0.1001,0.0106,1992
Alabama,TALLAPOOSA,15456,0.5267,0.369,0.1011,0.0033,1992
Alabama,TUSCALOOSA,58073,0.4727,0.4046,0.1207,0.0019,1992
Alabama,WALKER,29534,0.3826,0.5022,0.1132,0.002,1992
Alabama,WASHINGTON,8162,0.4006,0.4957,0.1016,0.0021,1992
Alabama,WILCOX,5304,0.315,0.6484,0.0328,0.0038,1992
Alabama,WINSTON,10089,0.5501,0.3385,0.11,0.0014,1992
Alabama,Votes Not Reported by County,723,0,0,0,1,1992
Arizona,APACHE,18258,0.2513,0.6144,0.1084,0.0259,1992
Arizona,COCHISE,33150,0.3681,0.3831,0.237,0.0118,1992
Arizona,COCONINO,42618,0.3231,0.4432,0.2197,0.014,1992
Arizona,GILA,18478,0.3129,0.4097,0.254,0.0234,1992
Arizona,GRAHAM,9699,0.4298,0.3496,0.1918,0.0288,1992
Arizona,GREENLEE,3962,0.3662,0.4278,0.2004,0.0056,1992
Arizona,LA PAZ,4961,0.3223,0.3644,0.2999,0.0133,1992
Arizona,MARICOPA,876832,0.4106,0.3256,0.2526,0.0112,1992
Arizona,MOHAVE,40616,0.3369,0.3263,0.3128,0.0239,1992
Arizona,NAVAJO,24638,0.3245,0.4417,0.1943,0.0396,1992
Arizona,PIMA,281484,0.3447,0.4568,0.1916,0.0069,1992
Arizona,PINAL,36739,0.3176,0.421,0.2513,0.0101,1992
Arizona,SANTA CRUZ,8080,0.3743,0.4347,0.1791,0.012,1992
Arizona,YAVAPAI,59415,0.3942,0.3075,0.2762,0.0222,1992
Arizona,YUMA,28045,0.4155,0.3697,0.2042,0.0107,1992
Arkansas,ARKANSAS,7980,0.3251,0.5901,0.0801,0.0048,1992
Arkansas,ASHLEY,9567,0.2808,0.6142,0.0973,0.0077,1992
Arkansas,BAXTER,15732,0.3585,0.4444,0.1868,0.0104,1992
Arkansas,BENTON,43279,0.4881,0.3645,0.1416,0.0058,1992
Arkansas,BOONE,14437,0.4221,0.4245,0.144,0.0094,1992
Arkansas,BRADLEY,4837,0.3064,0.6107,0.0808,0.0021,1992
Arkansas,CALHOUN,2702,0.3875,0.5141,0.0951,0.0033,1992
Arkansas,CARROLL,8857,0.3991,0.4255,0.1694,0.006,1992
Arkansas,CHICOT,5099,0.2436,0.6872,0.0681,0.0012,1992
Arkansas,CLARK,8922,0.2693,0.6464,0.08,0.0043,1992
Arkansas,CLAY,7080,0.2326,0.6847,0.0802,0.0024,1992
Arkansas,CLEBURNE,9980,0.3587,0.51,0.1266,0.0047,1992
Arkansas,CLEVELAND,3378,0.3336,0.5604,0.0998,0.0062,1992
Arkansas,COLUMBIA,9819,0.377,0.4835,0.111,0.0285,1992
Arkansas,CONWAY,8481,0.3206,0.5775,0.0947,0.0072,1992
Arkansas,CRAIGHEAD,25596,0.3557,0.5443,0.0888,0.0112,1992
Arkansas,CRAWFORD,16165,0.4257,0.4118,0.1511,0.0114,1992
Arkansas,CRITTENDEN,17108,0.3455,0.566,0.0496,0.039,1992
Arkansas,CROSS,6986,0.3297,0.5809,0.0862,0.0033,1992
Arkansas,DALLAS,3925,0.3715,0.5368,0.0879,0.0038,1992
Arkansas,DESHA,5621,0.2275,0.6787,0.0697,0.024,1992
Arkansas,DREW,6298,0.3077,0.5951,0.0946,0.0025,1992
Arkansas,FAULKNER,25215,0.3764,0.5156,0.0966,0.0114,1992
Arkansas,FRANKLIN,6736,0.3704,0.4776,0.1465,0.0055,1992
Arkansas,FULTON,4736,0.2656,0.5969,0.1332,0.0042,1992
Arkansas,GARLAND,35995,0.358,0.5226,0.0965,0.0229,1992
Arkansas,GRANT,6198,0.3666,0.5147,0.1133,0.0055,1992
Arkansas,GREENE,12322,0.2849,0.612,0.0984,0.0047,1992
Arkansas,HEMPSTEAD,8922,0.2675,0.6138,0.1145,0.0041,1992
Arkansas,HOT SPRING,10616,0.286,0.5942,0.1139,0.0059,1992
Arkansas,HOWARD,4975,0.3473,0.5556,0.0937,0.0034,1992
Arkansas,INDEPENDENCE,12840,0.3296,0.5516,0.1125,0.0063,1992
Arkansas,IZARD,5588,0.2742,0.6118,0.1084,0.0055,1992
Arkansas,JACKSON,7524,0.2477,0.6571,0.0894,0.0057,1992
Arkansas,JEFFERSON,31692,0.2374,0.6885,0.0652,0.0089,1992
Arkansas,JOHNSON,7578,0.3382,0.5214,0.1337,0.0067,1992
Arkansas,LAFAYETTE,3979,0.2986,0.5712,0.1267,0.0035,1992
Arkansas,LAWRENCE,6929,0.3065,0.5984,0.0918,0.0033,1992
Arkansas,LEE,5066,0.2552,0.6782,0.0608,0.0057,1992
Arkansas,LINCOLN,4347,0.2627,0.6453,0.0897,0.0023,1992
Arkansas,LITTLE RIVER,5718,0.2594,0.5818,0.1556,0.0031,1992
Arkansas,LOGAN,8687,0.3923,0.4599,0.1404,0.0074,1992
Arkansas,LONOKE,15824,0.3952,0.5032,0.0982,0.0034,1992
Arkansas,MADISON,5277,0.4241,0.4576,0.1133,0.0049,1992
Arkansas,MARION,6245,0.3239,0.4415,0.2125,0.0221,1992
Arkansas,MILLER,14623,0.3606,0.4821,0.1538,0.0035,1992
Arkansas,MISSISSIPPI,15962,0.2943,0.6294,0.0615,0.0149,1992
Arkansas,MONROE,4272,0.3099,0.6035,0.0831,0.0035,1992
Arkansas,MONTGOMERY,3712,0.3246,0.5129,0.1552,0.0073,1992
Arkansas,NEVADA,3948,0.3083,0.5679,0.1152,0.0086,1992
Arkansas,NEWTON,4144,0.4175,0.4259,0.1467,0.0099,1992
Arkansas,OUACHITA,12415,0.2989,0.5969,0.0997,0.0044,1992
Arkansas,PERRY,3504,0.3316,0.5439,0.1176,0.0068,1992
Arkansas,PHILLIPS,9837,0.274,0.6563,0.0645,0.0053,1992
Arkansas,PIKE,4232,0.3726,0.5123,0.1115,0.0035,1992
Arkansas,POINSETT,8571,0.2829,0.6231,0.0888,0.0051,1992
Arkansas,POLK,7217,0.382,0.4381,0.1697,0.0101,1992
Arkansas,POPE,17862,0.451,0.4313,0.1114,0.0063,1992
Arkansas,PRAIRIE,3956,0.2917,0.5981,0.1097,5.00E-04,1992
Arkansas,PULASKI,136957,0.3489,0.5803,0.0639,0.0068,1992
Arkansas,RANDOLPH,6314,0.2797,0.621,0.0915,0.0078,1992
Arkansas,SALINE,25661,0.3938,0.4938,0.1072,0.0052,1992
Arkansas,SCOTT,4562,0.3715,0.4884,0.1337,0.0064,1992
Arkansas,SEARCY,3984,0.4448,0.4214,0.1263,0.0075,1992
Arkansas,SEBASTIAN,39659,0.424,0.4178,0.1519,0.0063,1992
Arkansas,SEVIER,5011,0.3177,0.5105,0.1283,0.0435,1992
Arkansas,SHARP,7196,0.3455,0.5227,0.128,0.0039,1992
Arkansas,ST. FRANCIS,10635,0.3093,0.6157,0.072,0.003,1992
Arkansas,STONE,5039,0.3318,0.5203,0.1383,0.0095,1992
Arkansas,UNION,18580,0.3932,0.4729,0.1033,0.0307,1992
Arkansas,VAN BUREN,7361,0.3548,0.5188,0.1206,0.0057,1992
Arkansas,WASHINGTON,47880,0.4238,0.4601,0.1108,0.0053,1992
Arkansas,WHITE,21563,0.396,0.4867,0.1097,0.0077,1992
Arkansas,WOODRUFF,3495,0.1934,0.7408,0.0649,9.00E-04,1992
Arkansas,YELL,7643,0.3279,0.5449,0.123,0.0042,1992
California,ALAMEDA,530145,0.2062,0.6304,0.154,0.0094,1992
California,ALPINE,631,0.3518,0.3407,0.2948,0.0127,1992
California,AMADOR,15434,0.3549,0.3425,0.295,0.0076,1992
California,BUTTE,85014,0.3718,0.3822,0.238,0.0081,1992
California,CALAVERAS,16991,0.3535,0.3525,0.2853,0.0087,1992
California,COLUSA,5635,0.4594,0.3191,0.214,0.0075,1992
California,CONTRA COSTA,382823,0.2951,0.5093,0.1894,0.0062,1992
California,DEL NORTE,9353,0.3296,0.3891,0.2753,0.006,1992
California,EL DORADO,64887,0.3992,0.3238,0.2697,0.0072,1992
California,FRESNO,219161,0.4067,0.4217,0.1656,0.006,1992
California,GLENN,8816,0.4324,0.3024,0.2584,0.0068,1992
California,HUMBOLDT,60021,0.3049,0.4807,0.2056,0.0088,1992
California,IMPERIAL,25318,0.3855,0.4388,0.1677,0.008,1992
California,INYO,8464,0.4358,0.3184,0.2362,0.0096,1992
California,KERN,179263,0.4505,0.3375,0.2058,0.0061,1992
California,KINGS,25651,0.4161,0.3891,0.191,0.0038,1992
California,LAKE,23213,0.2877,0.4544,0.2497,0.0082,1992
California,LASSEN,10362,0.3702,0.327,0.2899,0.0129,1992
California,LOS ANGELES,2753403,0.2904,0.5254,0.1775,0.0068,1992
California,MADERA,30245,0.432,0.3592,0.2035,0.0053,1992
California,MARIN,130707,0.2332,0.5827,0.1759,0.0083,1992
California,MARIPOSA,8287,0.3598,0.3648,0.2668,0.0086,1992
California,MENDOCINO,36538,0.2178,0.5021,0.2669,0.0132,1992
California,MERCED,49284,0.3648,0.4085,0.2215,0.0052,1992
California,MODOC,4625,0.3898,0.3219,0.2744,0.0138,1992
California,MONO,4355,0.3605,0.3419,0.2866,0.011,1992
California,MONTEREY,116689,0.3125,0.4701,0.2097,0.0077,1992
California,NAPA,53455,0.293,0.453,0.246,0.008,1992
California,NEVADA,44201,0.3924,0.3492,0.2505,0.008,1992
California,ORANGE,972549,0.4387,0.3156,0.239,0.0068,1992
California,PLACER,91366,0.4192,0.3369,0.238,0.006,1992
California,PLUMAS,9949,0.3617,0.3761,0.2564,0.0057,1992
California,RIVERSIDE,430275,0.3706,0.3864,0.2376,0.0054,1992
California,SACRAMENTO,453512,0.3536,0.4356,0.2016,0.0092,1992
California,SAN BENITO,12739,0.3228,0.4203,0.2498,0.0071,1992
California,SAN BERNARDINO,474070,0.3724,0.3874,0.2303,0.0099,1992
California,SAN DIEGO,986646,0.3569,0.3724,0.2628,0.008,1992
California,SAN FRANCISCO,322207,0.178,0.724,0.0901,0.008,1992
California,SAN JOAQUIN,154210,0.3784,0.4128,0.2024,0.0065,1992
California,SAN LUIS OBISPO,104619,0.3478,0.3836,0.2611,0.0075,1992
California,SAN MATEO,276508,0.2715,0.5397,0.1825,0.0063,1992
California,SANTA BARBARA,162756,0.3525,0.4253,0.2157,0.0065,1992
California,SANTA CLARA,602055,0.2838,0.4921,0.2141,0.01,1992
California,SANTA CRUZ,113992,0.2186,0.5806,0.1896,0.0112,1992
California,SHASTA,68359,0.4124,0.3161,0.2632,0.0084,1992
California,SIERRA,1875,0.3685,0.3483,0.2768,0.0064,1992
California,SISKIYOU,20679,0.3221,0.3991,0.2692,0.0096,1992
California,SOLANO,132111,0.2943,0.4869,0.2108,0.008,1992
California,SONOMA,197691,0.2409,0.5278,0.2219,0.0095,1992
California,STANISLAUS,128005,0.3693,0.4095,0.216,0.0052,1992
California,SUTTER,25860,0.501,0.3048,0.1887,0.0054,1992
California,TEHAMA,20979,0.3536,0.3579,0.2805,0.008,1992
California,TRINITY,6029,0.3128,0.3263,0.347,0.0139,1992
California,TULARE,88553,0.4571,0.3522,0.1855,0.0051,1992
California,TUOLUMNE,24178,0.3526,0.3812,0.2603,0.0059,1992
California,VENTURA,267647,0.3546,0.3699,0.2684,0.007,1992
California,YOLO,62436,0.2815,0.5333,0.1773,0.0079,1992
California,YUBA,16895,0.434,0.3424,0.2153,0.0083,1992
Colorado,ADAMS,103077,0.2993,0.44,0.2559,0.0047,1992
Colorado,ALAMOSA,4617,0.3405,0.4176,0.2359,0.0061,1992
Colorado,ARAPAHOE,183935,0.3926,0.3621,0.2412,0.004,1992
Colorado,ARCHULETA,2816,0.4411,0.2908,0.2631,0.005,1992
Colorado,BACA,2622,0.4729,0.2769,0.2468,0.0034,1992
Colorado,BENT,2257,0.3363,0.4364,0.2242,0.0031,1992
Colorado,BOULDER,126771,0.2647,0.5093,0.219,0.007,1992
Colorado,CHAFFEE,6282,0.3851,0.3636,0.2466,0.0048,1992
Colorado,CHEYENNE,1212,0.5074,0.2483,0.2409,0.0033,1992
Colorado,CLEAR CREEK,4460,0.304,0.391,0.2933,0.0117,1992
Colorado,CONEJOS,3465,0.3348,0.4921,0.1668,0.0063,1992
Colorado,COSTILLA,1753,0.2088,0.6731,0.1135,0.0046,1992
Colorado,CROWLEY,1458,0.4129,0.3909,0.1893,0.0069,1992
Colorado,CUSTER,1375,0.4735,0.2495,0.2676,0.0095,1992
Colorado,DELTA,10494,0.4154,0.3263,0.2503,0.008,1992
Colorado,DENVER,217919,0.2543,0.5597,0.1712,0.0149,1992
Colorado,DOLORES,846,0.3723,0.2861,0.3369,0.0047,1992
Colorado,DOUGLAS,40060,0.4641,0.2494,0.2828,0.0037,1992
Colorado,EAGLE,10870,0.2852,0.356,0.3515,0.0073,1992
Colorado,EL PASO,167169,0.5147,0.2741,0.2055,0.0057,1992
Colorado,ELBERT,5045,0.4371,0.2452,0.3106,0.0071,1992
Colorado,FREMONT,15131,0.394,0.354,0.2451,0.0069,1992
Colorado,GARFIELD,13976,0.3151,0.3636,0.3154,0.0059,1992
Colorado,GILPIN,1759,0.2626,0.4127,0.3098,0.0148,1992
Colorado,GRAND,4918,0.3585,0.3412,0.2956,0.0047,1992
Colorado,GUNNISON,5759,0.2886,0.4148,0.2902,0.0064,1992
Colorado,HINSDALE,476,0.395,0.3172,0.2857,0.0021,1992
Colorado,HUERFANO,2313,0.2962,0.5292,0.1665,0.0082,1992
Colorado,JACKSON,966,0.4369,0.2236,0.3375,0.0021,1992
Colorado,JEFFERSON,223203,0.3705,0.3622,0.2617,0.0056,1992
Colorado,KIOWA,1030,0.4583,0.2816,0.2592,0.001,1992
Colorado,KIT CARSON,3658,0.4923,0.2529,0.2512,0.0036,1992
Colorado,LA PLATA,15613,0.3537,0.3787,0.2615,0.0061,1992
Colorado,LAKE,2923,0.207,0.4879,0.2952,0.0099,1992
Colorado,LARIMER,99660,0.3612,0.3836,0.2496,0.0056,1992
Colorado,LAS ANIMAS,6569,0.2647,0.5856,0.1451,0.0046,1992
Colorado,LINCOLN,2306,0.4679,0.2775,0.252,0.0026,1992
Colorado,LOGAN,8345,0.4098,0.3257,0.2617,0.0028,1992
Colorado,MESA,44067,0.4123,0.3441,0.2377,0.0059,1992
Colorado,MINERAL,449,0.3541,0.3808,0.2606,0.0045,1992
Colorado,MOFFAT,5095,0.3551,0.272,0.368,0.0049,1992
Colorado,MONTEZUMA,7638,0.409,0.2972,0.2887,0.0051,1992
Colorado,MONTROSE,11723,0.4135,0.3167,0.2638,0.006,1992
Colorado,MORGAN,8930,0.417,0.3343,0.2436,0.0052,1992
Colorado,OTERO,8313,0.3753,0.4192,0.1913,0.0142,1992
Colorado,OURAY,1583,0.4125,0.2912,0.2944,0.0019,1992
Colorado,PARK,4276,0.3578,0.3057,0.3265,0.0101,1992
Colorado,PHILLIPS,2303,0.4668,0.3005,0.228,0.0048,1992
Colorado,PITKIN,7469,0.2257,0.5114,0.2553,0.0075,1992
Colorado,PROWERS,5377,0.441,0.3292,0.2202,0.0097,1992
Colorado,PUEBLO,56438,0.2856,0.5362,0.1744,0.0038,1992
Colorado,RIO BLANCO,2850,0.4319,0.273,0.2786,0.0165,1992
Colorado,RIO GRANDE,4533,0.4251,0.34,0.2301,0.0049,1992
Colorado,ROUTT,8161,0.2889,0.3906,0.3142,0.0062,1992
Colorado,SAGUACHE,2174,0.3105,0.465,0.2167,0.0078,1992
Colorado,SAN JUAN,453,0.2605,0.3245,0.404,0.011,1992
Colorado,SAN MIGUEL,2663,0.2358,0.5182,0.2381,0.0079,1992
Colorado,SEDGWICK,1146,0.3901,0.3464,0.2574,0.0061,1992
Colorado,SUMMIT,8370,0.2695,0.3995,0.3244,0.0066,1992
Colorado,TELLER,6914,0.4411,0.2709,0.2787,0.0093,1992
Colorado,WASHINGTON,2613,0.4845,0.2526,0.2568,0.0061,1992
Colorado,WELD,54029,0.3879,0.3571,0.2512,0.0038,1992
Colorado,YUMA,4505,0.4482,0.2817,0.2657,0.0044,1992
Connecticut,FAIRFIELD,409410,0.4278,0.3913,0.1772,0.0037,1992
Connecticut,HARTFORD,414804,0.3196,0.4713,0.2049,0.0041,1992
Connecticut,LITCHFIELD,93213,0.37,0.3614,0.2643,0.0042,1992
Connecticut,MIDDLESEX,81027,0.3042,0.4283,0.2629,0.0045,1992
Connecticut,NEW HAVEN,385132,0.3668,0.419,0.2098,0.0044,1992
Connecticut,NEW LONDON,117767,0.2935,0.4229,0.278,0.0056,1992
Connecticut,TOLLAND,66215,0.3116,0.4142,0.2708,0.0034,1992
Connecticut,WINDHAM,48588,0.308,0.4038,0.2841,0.0041,1992
Connecticut,Votes Not Reported by County,176,0,0,0,1,1992
Delaware,KENT,40255,0.3866,0.3817,0.2215,0.0103,1992
Delaware,NEW CASTLE,196904,0.3368,0.4648,0.1909,0.0076,1992
Delaware,SUSSEX,52576,0.3888,0.3647,0.2419,0.0047,1992
Florida,ALACHUA,76372,0.2987,0.4961,0.2003,0.0049,1992
Florida,BAKER,6756,0.5059,0.2925,0.1946,0.007,1992
Florida,BAY,45689,0.4999,0.2812,0.2126,0.0063,1992
Florida,BRADFORD,8341,0.4402,0.3646,0.1887,0.0065,1992
Florida,BREVARD,195860,0.4319,0.3119,0.2528,0.0034,1992
Florida,BROWARD,533050,0.3092,0.5185,0.1706,0.0017,1992
Florida,CALHOUN,4579,0.3758,0.3636,0.2568,0.0037,1992
Florida,CHARLOTTE,62064,0.3917,0.3691,0.2372,0.002,1992
Florida,CITRUS,44746,0.3668,0.3562,0.2752,0.0019,1992
Florida,CLAY,45485,0.5795,0.2333,0.1852,0.002,1992
Florida,COLLIER,71944,0.5344,0.2613,0.2018,0.0025,1992
Florida,COLUMBIA,14954,0.4341,0.3697,0.1943,0.0019,1992
Florida,DESOTO,7429,0.4132,0.3562,0.2271,0.0035,1992
Florida,DIXIE,4373,0.3204,0.4242,0.2502,0.0053,1992
Florida,DUVAL,249926,0.4947,0.3685,0.1336,0.0032,1992
Florida,ESCAMBIA,105221,0.5024,0.3045,0.1893,0.0037,1992
Florida,FLAGLER,16355,0.3819,0.4092,0.2073,0.0016,1992
Florida,FRANKLIN,4380,0.3799,0.3505,0.2612,0.0084,1992
Florida,GADSDEN,14394,0.2762,0.5896,0.13,0.0043,1992
Florida,GILCHRIST,4017,0.3473,0.3762,0.2713,0.0052,1992
Florida,GLADES,3374,0.3512,0.3868,0.2602,0.0018,1992
Florida,GULF,5854,0.4529,0.3311,0.2127,0.0034,1992
Florida,HAMILTON,3725,0.3764,0.4354,0.1866,0.0016,1992
Florida,HARDEE,6433,0.4508,0.3137,0.233,0.0025,1992
Florida,HENDRY,8016,0.4091,0.3357,0.2535,0.0017,1992
Florida,HERNANDO,49086,0.3647,0.3906,0.2414,0.0033,1992
Florida,HIGHLANDS,32391,0.4476,0.3469,0.2035,0.0019,1992
Florida,HILLSBOROUGH,310502,0.4207,0.3713,0.2031,0.0049,1992
Florida,HOLMES,6528,0.4896,0.2875,0.2186,0.0043,1992
Florida,INDIAN RIVER,43962,0.4354,0.2812,0.2815,0.002,1992
Florida,JACKSON,14676,0.4582,0.3735,0.1669,0.0013,1992
Florida,JEFFERSON,4678,0.3219,0.4855,0.1913,0.0013,1992
Florida,LAFAYETTE,2525,0.4115,0.3434,0.2424,0.0028,1992
Florida,LAKE,69787,0.4417,0.3324,0.2237,0.0021,1992
Florida,LEE,166002,0.4424,0.3232,0.2316,0.0027,1992
Florida,LEON,97294,0.3287,0.4912,0.1769,0.0032,1992
Florida,LEVY,10936,0.3471,0.3959,0.2546,0.0024,1992
Florida,LIBERTY,2576,0.4371,0.3183,0.2395,0.005,1992
Florida,MADISON,5838,0.3438,0.4536,0.2011,0.0015,1992
Florida,MANATEE,100220,0.4263,0.3377,0.2324,0.0036,1992
Florida,MARION,86989,0.4074,0.3544,0.236,0.0022,1992
Florida,MARTIN,53184,0.4663,0.2783,0.2527,0.0026,1992
Florida,MIAMI-DADE,544843,0.4319,0.4673,0.0991,0.0017,1992
Florida,MONROE,28789,0.3438,0.363,0.2888,0.0044,1992
Florida,NASSAU,18174,0.5154,0.3028,0.1791,0.0027,1992
Florida,OKALOOSA,61769,0.5313,0.1949,0.2699,0.0039,1992
Florida,OKEECHOBEE,9370,0.352,0.3648,0.2825,7.00E-04,1992
Florida,ORANGE,237011,0.459,0.3489,0.1892,0.0029,1992
Florida,OSCEOLA,45267,0.4229,0.3316,0.2435,0.0021,1992
Florida,PALM BEACH,405251,0.3463,0.4636,0.1881,0.0019,1992
Florida,PASCO,135962,0.3511,0.3908,0.2549,0.0033,1992
Florida,PINELLAS,422851,0.3763,0.3796,0.2395,0.0046,1992
Florida,POLK,145900,0.4521,0.3526,0.1933,0.0019,1992
Florida,PUTNAM,25661,0.3472,0.4173,0.233,0.0025,1992
Florida,SANTA ROSA,32777,0.529,0.2,0.2681,0.0029,1992
Florida,SARASOTA,156352,0.4276,0.3489,0.2193,0.0042,1992
Florida,SEMINOLE,117560,0.4857,0.3033,0.2083,0.0027,1992
Florida,ST. JOHNS,39986,0.5049,0.3074,0.1851,0.0027,1992
Florida,ST. LUCIE,68233,0.3576,0.3499,0.2904,0.0021,1992
Florida,SUMTER,12329,0.3541,0.4077,0.2353,0.0028,1992
Florida,SUWANNEE,11374,0.4023,0.3506,0.2454,0.0017,1992
Florida,TAYLOR,7213,0.3734,0.356,0.2674,0.0032,1992
Florida,UNION,3571,0.4329,0.3495,0.2156,0.002,1992
Florida,VOLUSIA,155499,0.3805,0.4194,0.1982,0.0018,1992
Florida,WAKULLA,6714,0.3852,0.3455,0.2666,0.0027,1992
Florida,WALTON,13554,0.4225,0.2869,0.287,0.0037,1992
Florida,WASHINGTON,7871,0.4694,0.3232,0.2028,0.0046,1992
Georgia,APPLING,6027,0.4171,0.4073,0.1737,0.0018,1992
Georgia,ATKINSON,2185,0.3565,0.4833,0.1565,0.0037,1992
Georgia,BACON,3335,0.3901,0.4267,0.1811,0.0021,1992
Georgia,BAKER,1468,0.2663,0.5886,0.1431,0.002,1992
Georgia,BALDWIN,11788,0.3616,0.4931,0.1424,0.0029,1992
Georgia,BANKS,3671,0.4225,0.4168,0.1588,0.0019,1992
Georgia,BARROW,9982,0.4336,0.3998,0.1636,0.003,1992
Georgia,BARTOW,16990,0.4557,0.3929,0.1471,0.0043,1992
Georgia,BEN HILL,4464,0.3306,0.526,0.1387,0.0047,1992
Georgia,BERRIEN,4543,0.3603,0.4629,0.1752,0.0015,1992
Georgia,BIBB,54049,0.3672,0.5193,0.1114,0.0021,1992
Georgia,BLECKLEY,3956,0.3969,0.4323,0.1673,0.0035,1992
Georgia,BRANTLEY,4274,0.3606,0.4406,0.1965,0.0023,1992
Georgia,BROOKS,4315,0.4123,0.4392,0.146,0.0025,1992
Georgia,BRYAN,5928,0.4705,0.3426,0.1847,0.0022,1992
Georgia,BULLOCH,12644,0.45,0.3878,0.1598,0.0025,1992
Georgia,BURKE,6859,0.3484,0.5317,0.1177,0.0022,1992
Georgia,BUTTS,4851,0.3645,0.5046,0.1276,0.0033,1992
Georgia,CALHOUN,2018,0.2299,0.6447,0.1229,0.0025,1992
Georgia,CAMDEN,7572,0.4645,0.3899,0.1422,0.0034,1992
Georgia,CANDLER,2755,0.3681,0.4327,0.1964,0.0029,1992
Georgia,CARROLL,22586,0.476,0.3721,0.1487,0.0033,1992
Georgia,CATOOSA,14731,0.5159,0.327,0.1555,0.0017,1992
Georgia,CHARLTON,2892,0.4609,0.3897,0.1476,0.0017,1992
Georgia,CHATHAM,72069,0.443,0.4375,0.1147,0.0047,1992
Georgia,CHATTAHOOCHEE,1198,0.3447,0.5042,0.1477,0.0033,1992
Georgia,CHATTOOGA,6404,0.3809,0.4647,0.1507,0.0037,1992
Georgia,CHEROKEE,29214,0.5495,0.2777,0.1694,0.0033,1992
Georgia,CLARKE,28998,0.3607,0.5312,0.103,0.0051,1992
Georgia,CLAY,1197,0.2206,0.65,0.1295,0,1992
Georgia,CLAYTON,57989,0.4133,0.4465,0.137,0.0033,1992
Georgia,CLINCH,1837,0.43,0.4132,0.1557,0.0011,1992
Georgia,COBB,197129,0.5262,0.3245,0.1458,0.0035,1992
Georgia,COFFEE,8339,0.4531,0.3927,0.1506,0.0036,1992
Georgia,COLQUITT,10276,0.4554,0.3786,0.1637,0.0022,1992
Georgia,COLUMBIA,28200,0.5907,0.2523,0.1553,0.0017,1992
Georgia,COOK,3605,0.3656,0.4802,0.149,0.0053,1992
Georgia,COWETA,20552,0.4775,0.3451,0.1745,0.0028,1992
Georgia,CRAWFORD,3183,0.306,0.5178,0.1725,0.0038,1992
Georgia,CRISP,5709,0.3946,0.4572,0.1442,0.004,1992
Georgia,DADE,4804,0.4561,0.3709,0.1713,0.0017,1992
Georgia,DAWSON,3892,0.4358,0.3595,0.203,0.0018,1992
Georgia,DECATUR,7419,0.4235,0.4311,0.144,0.0015,1992
Georgia,DEKALB,215433,0.3262,0.5782,0.0916,0.004,1992
Georgia,DODGE,6278,0.3643,0.4782,0.1558,0.0018,1992
Georgia,DOOLY,3387,0.3053,0.5884,0.1033,0.003,1992
Georgia,DOUGHERTY,30931,0.4027,0.4926,0.1027,0.002,1992
Georgia,DOUGLAS,26657,0.5008,0.3327,0.1636,0.0029,1992
Georgia,EARLY,4143,0.3517,0.4755,0.1574,0.0154,1992
Georgia,ECHOLS,911,0.3963,0.3425,0.2613,0,1992
Georgia,EFFINGHAM,7963,0.479,0.3378,0.1812,0.002,1992
Georgia,ELBERT,6167,0.3846,0.4905,0.1228,0.0021,1992
Georgia,EMANUEL,6425,0.4143,0.4593,0.1175,0.0089,1992
Georgia,EVANS,2960,0.4203,0.4155,0.1622,0.002,1992
Georgia,FANNIN,7195,0.4524,0.4033,0.1429,0.0014,1992
Georgia,FAYETTE,31687,0.5547,0.266,0.1767,0.0026,1992
Georgia,FLOYD,27860,0.4443,0.4169,0.1356,0.0032,1992
Georgia,FORSYTH,17086,0.5064,0.2889,0.2021,0.0026,1992
Georgia,FRANKLIN,5923,0.4037,0.4229,0.1712,0.0022,1992
Georgia,FULTON,257406,0.332,0.5729,0.0916,0.0036,1992
Georgia,GILMER,5888,0.4519,0.3925,0.1493,0.0063,1992
Georgia,GLASCOCK,1013,0.5094,0.3119,0.1777,0.001,1992
Georgia,GLYNN,22932,0.4902,0.3742,0.1331,0.0024,1992
Georgia,GORDON,11213,0.4695,0.3659,0.1621,0.0024,1992
Georgia,GRADY,6033,0.3928,0.4177,0.1866,0.0028,1992
Georgia,GREENE,4058,0.3221,0.5567,0.119,0.0022,1992
Georgia,GWINNETT,150576,0.5434,0.2939,0.1589,0.0038,1992
Georgia,HABERSHAM,9134,0.5002,0.3392,0.1581,0.0025,1992
Georgia,HALL,32433,0.4967,0.3458,0.1555,0.0021,1992
Georgia,HANCOCK,3157,0.1603,0.7795,0.0599,3.00E-04,1992
Georgia,HARALSON,7621,0.4123,0.4305,0.1531,0.0041,1992
Georgia,HARRIS,6960,0.4764,0.3849,0.1371,0.0016,1992
Georgia,HART,7609,0.3426,0.475,0.1808,0.0016,1992
Georgia,HEARD,3273,0.3636,0.4449,0.1885,0.0031,1992
Georgia,HENRY,24284,0.5203,0.3219,0.1552,0.0026,1992
Georgia,HOUSTON,32748,0.4311,0.3747,0.1912,0.0029,1992
Georgia,IRWIN,2820,0.345,0.4844,0.1649,0.0057,1992
Georgia,JACKSON,9165,0.4338,0.4137,0.1507,0.0017,1992
Georgia,JASPER,3023,0.3814,0.4912,0.1234,0.004,1992
Georgia,JEFF DAVIS,4952,0.3932,0.4101,0.1935,0.0032,1992
Georgia,JEFFERSON,5989,0.3468,0.5377,0.1144,0.0012,1992
Georgia,JENKINS,2728,0.3405,0.5136,0.1444,0.0015,1992
Georgia,JOHNSON,3295,0.3988,0.447,0.1524,0.0018,1992
Georgia,JONES,7279,0.3805,0.4586,0.1592,0.0016,1992
Georgia,LAMAR,4410,0.3871,0.4683,0.1361,0.0086,1992
Georgia,LANIER,1713,0.3503,0.4734,0.174,0.0023,1992
Georgia,LAURENS,14059,0.4372,0.4399,0.1139,0.009,1992
Georgia,LEE,5908,0.5181,0.3065,0.1733,0.002,1992
Georgia,LIBERTY,7895,0.3587,0.488,0.149,0.0043,1992
Georgia,LINCOLN,2958,0.3884,0.4486,0.1619,0.001,1992
Georgia,LONG,1957,0.3674,0.4466,0.1814,0.0046,1992
Georgia,LOWNDES,22192,0.463,0.4064,0.1291,0.0015,1992
Georgia,LUMPKIN,5036,0.3916,0.3991,0.2055,0.0038,1992
Georgia,MACON,3806,0.248,0.6545,0.0954,0.0021,1992
Georgia,MADISON,6893,0.4861,0.3472,0.1638,0.0029,1992
Georgia,MARION,2056,0.3458,0.5569,0.0963,0.001,1992
Georgia,MCDUFFIE,6468,0.4569,0.4082,0.133,0.002,1992
Georgia,MCINTOSH,3517,0.292,0.5473,0.1564,0.0043,1992
Georgia,MERIWETHER,7320,0.323,0.5467,0.1287,0.0016,1992
Georgia,MILLER,2217,0.3726,0.4213,0.2052,9.00E-04,1992
Georgia,MITCHELL,5795,0.3308,0.5267,0.1412,0.0014,1992
Georgia,MONROE,6168,0.3928,0.4497,0.1539,0.0036,1992
Georgia,MONTGOMERY,2617,0.3856,0.4528,0.159,0.0027,1992
Georgia,MORGAN,4455,0.4034,0.4617,0.1338,0.0011,1992
Georgia,MURRAY,7214,0.4513,0.3831,0.1644,0.0011,1992
Georgia,MUSCOGEE,51280,0.417,0.4968,0.0844,0.0018,1992
Georgia,NEWTON,13659,0.4249,0.4254,0.1463,0.0034,1992
Georgia,OCONEE,8076,0.5108,0.3399,0.1464,0.003,1992
Georgia,OGLETHORPE,3703,0.4294,0.4026,0.1674,5.00E-04,1992
Georgia,PAULDING,15088,0.4759,0.3454,0.1759,0.0028,1992
Georgia,PEACH,6973,0.3337,0.5273,0.1358,0.0032,1992
Georgia,PICKENS,5748,0.4057,0.4104,0.1804,0.0035,1992
Georgia,PIERCE,4472,0.4246,0.4141,0.1583,0.0029,1992
Georgia,PIKE,4104,0.444,0.4023,0.1518,0.0019,1992
Georgia,POLK,10668,0.3898,0.4567,0.1498,0.0037,1992
Georgia,PULASKI,3451,0.3115,0.5088,0.1779,0.0017,1992
Georgia,PUTNAM,4694,0.3741,0.4578,0.1651,0.003,1992
Georgia,QUITMAN,922,0.308,0.5672,0.1226,0.0022,1992
Georgia,RABUN,4622,0.4115,0.4063,0.1785,0.0037,1992
Georgia,RANDOLPH,2959,0.2998,0.5934,0.1065,3.00E-04,1992
Georgia,RICHMOND,59523,0.407,0.4857,0.1057,0.0016,1992
Georgia,ROCKDALE,22690,0.5264,0.3086,0.1615,0.0034,1992
Georgia,SCHLEY,1296,0.3943,0.4637,0.1389,0.0031,1992
Georgia,SCREVEN,4366,0.3905,0.4443,0.1624,0.0027,1992
Georgia,SEMINOLE,2519,0.3374,0.4736,0.1858,0.0032,1992
Georgia,SPALDING,15734,0.4615,0.4063,0.1299,0.0023,1992
Georgia,STEPHENS,8493,0.4765,0.3504,0.1705,0.0026,1992
Georgia,STEWART,2909,0.4077,0.5294,0.0602,0.0028,1992
Georgia,SUMTER,9168,0.3944,0.4896,0.1141,0.0019,1992
Georgia,TALBOT,2682,0.2502,0.6592,0.0887,0.0019,1992
Georgia,TALIAFERRO,1106,0.2432,0.6826,0.0723,0.0018,1992
Georgia,TATTNALL,5942,0.4318,0.3972,0.1676,0.0034,1992
Georgia,TAYLOR,2872,0.3753,0.5251,0.0978,0.0017,1992
Georgia,TELFAIR,4192,0.3158,0.5339,0.1462,0.0041,1992
Georgia,TERRELL,3474,0.329,0.559,0.1105,0.0014,1992
Georgia,THOMAS,11948,0.4603,0.4052,0.1332,0.0013,1992
Georgia,TIFT,9569,0.4687,0.4107,0.119,0.0016,1992
Georgia,TOOMBS,7490,0.4818,0.3535,0.1615,0.0031,1992
Georgia,TOWNS,3704,0.4519,0.4015,0.145,0.0016,1992
Georgia,TREUTLEN,2344,0.3831,0.4761,0.1357,0.0051,1992
Georgia,TROUP,17039,0.4764,0.3763,0.146,0.0012,1992
Georgia,TURNER,3024,0.3095,0.5519,0.1224,0.0162,1992
Georgia,TWIGGS,3392,0.2515,0.6182,0.1274,0.0029,1992
Georgia,UNION,5656,0.4478,0.4074,0.1421,0.0027,1992
Georgia,UPSON,9001,0.4503,0.4155,0.1318,0.0024,1992
Georgia,WALKER,17488,0.4854,0.3555,0.1571,0.0019,1992
Georgia,WALTON,12391,0.4535,0.3891,0.1552,0.0023,1992
Georgia,WARE,10424,0.4387,0.4387,0.1212,0.0014,1992
Georgia,WARREN,2175,0.3453,0.5697,0.0828,0.0023,1992
Georgia,WASHINGTON,6725,0.3545,0.5216,0.1219,0.0019,1992
Georgia,WAYNE,7552,0.4477,0.4041,0.1466,0.0016,1992
Georgia,WEBSTER,911,0.2283,0.6586,0.1131,0,1992
Georgia,WHEELER,1699,0.3537,0.518,0.126,0.0024,1992
Georgia,WHITE,5229,0.4737,0.3358,0.1876,0.0029,1992
Georgia,WHITFIELD,22239,0.5397,0.3298,0.1289,0.0016,1992
Georgia,WILCOX,2723,0.3364,0.5013,0.159,0.0033,1992
Georgia,WILKES,3962,0.3874,0.4934,0.1171,0.002,1992
Georgia,WILKINSON,4072,0.3026,0.5614,0.1277,0.0083,1992
Georgia,WORTH,5837,0.4016,0.4417,0.155,0.0017,1992
Hawaii,HAWAII,50916,0.3036,0.5052,0.1746,0.0165,1992
Hawaii,HONOLULU,265841,0.391,0.4661,0.1344,0.0085,1992
Hawaii,KAUAI,18960,0.3309,0.5651,0.0926,0.0113,1992
Hawaii,MAUI,37125,0.3004,0.5108,0.1786,0.0103,1992
Idaho,ADA,110166,0.4448,0.2899,0.2559,0.0094,1992
Idaho,ADAMS,1937,0.3893,0.2359,0.3588,0.016,1992
Idaho,BANNOCK,32211,0.373,0.3443,0.252,0.0307,1992
Idaho,BEAR LAKE,2854,0.4972,0.1969,0.2397,0.0662,1992
Idaho,BENEWAH,3703,0.3303,0.343,0.3146,0.0122,1992
Idaho,BINGHAM,15991,0.4586,0.2229,0.2591,0.0593,1992
Idaho,BLAINE,8022,0.2796,0.3571,0.3529,0.0103,1992
Idaho,BOISE,2320,0.3931,0.2685,0.325,0.0134,1992
Idaho,BONNER,13821,0.2849,0.3614,0.3361,0.0177,1992
Idaho,BONNEVILLE,35376,0.468,0.1983,0.2895,0.0442,1992
Idaho,BOUNDARY,3774,0.3919,0.2901,0.301,0.017,1992
Idaho,BUTTE,1503,0.4005,0.2881,0.2608,0.0506,1992
Idaho,CAMAS,486,0.4156,0.2757,0.2984,0.0103,1992
Idaho,CANYON,37849,0.5078,0.2403,0.2371,0.0148,1992
Idaho,CARIBOU,3236,0.4172,0.1737,0.3362,0.0729,1992
Idaho,CASSIA,7622,0.5316,0.1773,0.2342,0.0569,1992
Idaho,CLARK,423,0.461,0.2246,0.2813,0.0331,1992
Idaho,CLEARWATER,3732,0.3087,0.384,0.2942,0.0131,1992
Idaho,CUSTER,2164,0.3831,0.2606,0.3369,0.0194,1992
Idaho,ELMORE,6890,0.448,0.2697,0.271,0.0113,1992
Idaho,FRANKLIN,4050,0.5222,0.1294,0.2198,0.1286,1992
Idaho,FREMONT,4954,0.4709,0.1823,0.2723,0.0745,1992
Idaho,GEM,5723,0.429,0.2811,0.2717,0.0182,1992
Idaho,GOODING,5564,0.3914,0.275,0.2859,0.0476,1992
Idaho,IDAHO,6734,0.4023,0.2931,0.2822,0.0224,1992
Idaho,JEFFERSON,7116,0.4878,0.1374,0.3041,0.0707,1992
Idaho,JEROME,6720,0.4423,0.2588,0.2631,0.0359,1992
Idaho,KOOTENAI,36328,0.3596,0.318,0.31,0.0124,1992
Idaho,LATAH,16330,0.3278,0.4429,0.2206,0.0087,1992
Idaho,LEMHI,3821,0.403,0.2607,0.3075,0.0288,1992
Idaho,LEWIS,1778,0.3335,0.3791,0.2762,0.0112,1992
Idaho,LINCOLN,1699,0.3861,0.3025,0.2596,0.0518,1992
Idaho,MADISON,7763,0.5914,0.0955,0.2473,0.0658,1992
Idaho,MINIDOKA,7417,0.4455,0.2447,0.2528,0.057,1992
Idaho,NEZ PERCE,16974,0.32,0.4165,0.257,0.0065,1992
Idaho,ONEIDA,1866,0.3821,0.1881,0.3162,0.1136,1992
Idaho,OWYHEE,3072,0.4782,0.2233,0.2806,0.0179,1992
Idaho,PAYETTE,6745,0.4292,0.2455,0.3047,0.0206,1992
Idaho,POWER,2977,0.4541,0.2812,0.2341,0.0306,1992
Idaho,SHOSHONE,6548,0.2201,0.4859,0.2868,0.0072,1992
Idaho,TETON,1918,0.3973,0.2461,0.317,0.0396,1992
Idaho,TWIN FALLS,23503,0.4397,0.2805,0.2571,0.0226,1992
Idaho,VALLEY,4153,0.3727,0.3032,0.3162,0.0079,1992
Idaho,WASHINGTON,4281,0.4209,0.2621,0.2812,0.0357,1992
Idaho,Votes Not Reported by County,28,0,0,0,1,1992
Illinois,ADAMS,31579,0.4284,0.372,0.195,0.0046,1992
Illinois,ALEXANDER,4362,0.2983,0.5883,0.1087,0.0048,1992
Illinois,BOND,7548,0.3597,0.4542,0.1819,0.0042,1992
Illinois,BOONE,13627,0.4101,0.3753,0.2113,0.0032,1992
Illinois,BROWN,2689,0.3827,0.4262,0.1874,0.0037,1992
Illinois,BUREAU,17907,0.3818,0.4217,0.1935,0.0031,1992
Illinois,CALHOUN,2803,0.2658,0.5419,0.1898,0.0025,1992
Illinois,CARROLL,7679,0.4294,0.3717,0.1956,0.0034,1992
Illinois,CASS,6447,0.3353,0.4964,0.1663,0.002,1992
Illinois,CHAMPAIGN,76092,0.3561,0.46,0.1783,0.0055,1992
Illinois,CHRISTIAN,17590,0.2892,0.514,0.1933,0.0034,1992
Illinois,CLARK,7979,0.3979,0.4183,0.1817,0.002,1992
Illinois,CLAY,6652,0.3715,0.4453,0.1793,0.0039,1992
Illinois,CLINTON,15822,0.3647,0.4226,0.2095,0.0032,1992
Illinois,COLES,22300,0.3631,0.4216,0.2111,0.0042,1992
Illinois,COOK,2146655,0.282,0.5821,0.1314,0.0046,1992
Illinois,CRAWFORD,9671,0.3729,0.4099,0.2132,0.004,1992
Illinois,CUMBERLAND,5202,0.3576,0.4058,0.2324,0.0042,1992
Illinois,DE WITT,7759,0.4078,0.3878,0.1989,0.0055,1992
Illinois,DEKALB,34232,0.3697,0.4015,0.2244,0.0045,1992
Illinois,DOUGLAS,8276,0.3998,0.4037,0.1933,0.0031,1992
Illinois,DU PAGE,370987,0.4805,0.3088,0.2071,0.0035,1992
Illinois,EDGAR,9776,0.3877,0.4106,0.1974,0.0043,1992
Illinois,EDWARDS,3552,0.4507,0.3657,0.1785,0.0051,1992
Illinois,EFFINGHAM,14981,0.4225,0.3485,0.2239,0.0051,1992
Illinois,FAYETTE,10118,0.3467,0.4777,0.171,0.0046,1992
Illinois,FORD,6481,0.47,0.3356,0.1886,0.0059,1992
Illinois,FRANKLIN,21481,0.2562,0.5933,0.148,0.0025,1992
Illinois,FULTON,17701,0.286,0.5494,0.1624,0.0023,1992
Illinois,GALLATIN,3944,0.251,0.6012,0.144,0.0038,1992
Illinois,GREENE,7032,0.34,0.4499,0.2078,0.0023,1992
Illinois,GRUNDY,16265,0.3902,0.3764,0.229,0.0045,1992
Illinois,HAMILTON,4974,0.3058,0.5191,0.1733,0.0018,1992
Illinois,HANCOCK,10069,0.3689,0.4184,0.2077,0.0051,1992
Illinois,HARDIN,3173,0.3104,0.5247,0.1623,0.0025,1992
Illinois,HENDERSON,4048,0.3236,0.4973,0.1766,0.0025,1992
Illinois,HENRY,24371,0.3688,0.4545,0.1736,0.003,1992
Illinois,IROQUOIS,14530,0.4782,0.3056,0.2115,0.0047,1992
Illinois,JACKSON,24434,0.2824,0.5473,0.1635,0.0068,1992
Illinois,JASPER,5480,0.3642,0.4168,0.2117,0.0073,1992
Illinois,JEFFERSON,17597,0.3124,0.4924,0.1934,0.0018,1992
Illinois,JERSEY,10093,0.2906,0.4705,0.2341,0.0048,1992
Illinois,JO DAVIESS,10454,0.4064,0.3868,0.2011,0.0056,1992
Illinois,JOHNSON,5391,0.394,0.4265,0.1751,0.0045,1992
Illinois,KANE,127938,0.4352,0.3484,0.2124,0.004,1992
Illinois,KANKAKEE,40071,0.3846,0.43,0.1813,0.0042,1992
Illinois,KENDALL,18406,0.4629,0.2946,0.2387,0.0037,1992
Illinois,KNOX,25296,0.3293,0.4951,0.1722,0.0033,1992
Illinois,LA SALLE,49931,0.322,0.4662,0.209,0.0029,1992
Illinois,LAKE,223987,0.442,0.3647,0.1892,0.0041,1992
Illinois,LAWRENCE,7488,0.358,0.4367,0.2001,0.0052,1992
Illinois,LEE,15417,0.4315,0.3587,0.207,0.0029,1992
Illinois,LIVINGSTON,17098,0.4681,0.3513,0.1772,0.0034,1992
Illinois,LOGAN,14195,0.4626,0.3641,0.1705,0.0027,1992
Illinois,MACON,55580,0.3362,0.4939,0.1662,0.0038,1992
Illinois,MACOUPIN,23661,0.2755,0.5093,0.2121,0.0032,1992
Illinois,MADISON,114095,0.2819,0.5126,0.2026,0.0029,1992
Illinois,MARION,18883,0.3052,0.512,0.1804,0.0023,1992
Illinois,MARSHALL,6496,0.3835,0.434,0.18,0.0026,1992
Illinois,MASON,7702,0.3211,0.5153,0.1616,0.0019,1992
Illinois,MASSAC,7056,0.3903,0.4743,0.1264,0.0089,1992
Illinois,MCDONOUGH,13922,0.3805,0.4176,0.199,0.0029,1992
Illinois,MCHENRY,88294,0.4684,0.2807,0.2471,0.0038,1992
Illinois,MCLEAN,59285,0.4339,0.3895,0.1734,0.0032,1992
Illinois,MENARD,6299,0.4499,0.3594,0.1872,0.0035,1992
Illinois,MERCER,8540,0.3493,0.4672,0.1797,0.0037,1992
Illinois,MONROE,12542,0.3833,0.3902,0.2243,0.0022,1992
Illinois,MONTGOMERY,14837,0.297,0.5004,0.1992,0.0034,1992
Illinois,MORGAN,16297,0.4029,0.3897,0.2035,0.0039,1992
Illinois,MOULTRIE,6465,0.3194,0.4727,0.2045,0.0034,1992
Illinois,OGLE,20109,0.448,0.3238,0.2215,0.0067,1992
Illinois,PEORIA,81328,0.3777,0.4685,0.1499,0.0039,1992
Illinois,PERRY,11086,0.2801,0.542,0.1763,0.0015,1992
Illinois,PIATT,8447,0.3642,0.4167,0.2157,0.0034,1992
Illinois,PIKE,9037,0.3698,0.4444,0.1818,0.004,1992
Illinois,POPE,2411,0.3944,0.4409,0.1622,0.0025,1992
Illinois,PULASKI,3549,0.3294,0.5599,0.1068,0.0039,1992
Illinois,PUTNAM,3308,0.2929,0.4758,0.2273,0.0039,1992
Illinois,RANDOLPH,16565,0.2957,0.5149,0.1867,0.0027,1992
Illinois,RICHLAND,8061,0.3787,0.4076,0.2095,0.0041,1992
Illinois,ROCK ISLAND,72039,0.3222,0.5193,0.1446,0.0139,1992
Illinois,SALINE,13254,0.2767,0.5476,0.1737,0.002,1992
Illinois,SANGAMON,96860,0.4093,0.4135,0.1741,0.0032,1992
Illinois,SCHUYLER,3995,0.3785,0.413,0.204,0.0045,1992
Illinois,SCOTT,2783,0.4068,0.3798,0.2113,0.0022,1992
Illinois,SHELBY,11175,0.3249,0.4565,0.2149,0.0038,1992
Illinois,ST. CLAIR,107541,0.2971,0.5358,0.1636,0.0035,1992
Illinois,STARK,3351,0.413,0.3987,0.1865,0.0018,1992
Illinois,STEPHENSON,21656,0.4158,0.3647,0.216,0.0035,1992
Illinois,TAZEWELL,59994,0.3912,0.4405,0.1655,0.0028,1992
Illinois,UNION,9083,0.3306,0.5154,0.1512,0.0029,1992
Illinois,VERMILION,38461,0.3043,0.478,0.2122,0.0055,1992
Illinois,WABASH,6240,0.3982,0.3904,0.2087,0.0027,1992
Illinois,WARREN,8446,0.3937,0.4335,0.17,0.0028,1992
Illinois,WASHINGTON,7555,0.3975,0.3952,0.2041,0.0032,1992
Illinois,WAYNE,8872,0.4293,0.3756,0.1918,0.0033,1992
Illinois,WHITE,8811,0.347,0.4889,0.1621,0.002,1992
Illinois,WHITESIDE,27153,0.3737,0.4541,0.169,0.0033,1992
Illinois,WILL,152123,0.3835,0.392,0.2155,0.009,1992
Illinois,WILLIAMSON,28760,0.329,0.4993,0.1662,0.0055,1992
Illinois,WINNEBAGO,112215,0.3763,0.4304,0.1892,0.0042,1992
Illinois,WOODFORD,16305,0.4926,0.3367,0.1676,0.0031,1992
Indiana,ADAMS,12708,0.4783,0.2918,0.2254,0.0045,1992
Indiana,ALLEN,121577,0.4524,0.326,0.2123,0.0093,1992
Indiana,BARTHOLOMEW,27440,0.4791,0.3019,0.2144,0.0047,1992
Indiana,BENTON,4323,0.4696,0.2824,0.2443,0.0037,1992
Indiana,BLACKFORD,5778,0.4062,0.3614,0.2283,0.0042,1992
Indiana,BOONE,17358,0.5464,0.2294,0.2204,0.0037,1992
Indiana,BROWN,6325,0.4163,0.3208,0.2585,0.0044,1992
Indiana,CARROLL,8562,0.4438,0.2991,0.2538,0.0033,1992
Indiana,CASS,16237,0.457,0.293,0.2429,0.0071,1992
Indiana,CLARK,36694,0.3634,0.4758,0.1541,0.0068,1992
Indiana,CLAY,10164,0.462,0.3253,0.21,0.0028,1992
Indiana,CLINTON,12224,0.5024,0.2855,0.2074,0.0047,1992
Indiana,CRAWFORD,4994,0.3811,0.4525,0.164,0.0024,1992
Indiana,DAVIESS,10520,0.5315,0.3043,0.1611,0.0031,1992
Indiana,DEARBORN,15567,0.448,0.3286,0.2174,0.006,1992
Indiana,DECATUR,10291,0.5048,0.2696,0.2234,0.0022,1992
Indiana,DEKALB,15022,0.4448,0.3097,0.2366,0.0089,1992
Indiana,DELAWARE,50721,0.4036,0.3856,0.2061,0.0047,1992
Indiana,DUBOIS,15989,0.4244,0.3676,0.1998,0.0082,1992
Indiana,ELKHART,52184,0.535,0.2809,0.1811,0.003,1992
Indiana,FAYETTE,10710,0.4086,0.3706,0.2147,0.0062,1992
Indiana,FLOYD,29651,0.4024,0.444,0.1491,0.0045,1992
Indiana,FOUNTAIN,8410,0.4032,0.3364,0.2571,0.0033,1992
Indiana,FRANKLIN,8167,0.4691,0.3007,0.2275,0.0027,1992
Indiana,FULTON,8527,0.467,0.2993,0.2302,0.0035,1992
Indiana,GIBSON,14800,0.3495,0.4668,0.1811,0.0026,1992
Indiana,GRANT,28738,0.4804,0.3205,0.1948,0.0043,1992
Indiana,GREENE,13608,0.3976,0.3991,0.1918,0.0115,1992
Indiana,HAMILTON,55434,0.6246,0.1843,0.187,0.0042,1992
Indiana,HANCOCK,20639,0.5365,0.2302,0.2302,0.0031,1992
Indiana,HARRISON,13671,0.3952,0.4219,0.1806,0.0023,1992
Indiana,HENDRICKS,33136,0.5545,0.2134,0.2269,0.0052,1992
Indiana,HENRY,19989,0.4362,0.3399,0.2209,0.003,1992
Indiana,HOWARD,34340,0.4457,0.2996,0.2497,0.005,1992
Indiana,HUNTINGTON,16013,0.5679,0.2407,0.1853,0.0061,1992
Indiana,JACKSON,16170,0.4481,0.3502,0.1947,0.007,1992
Indiana,JASPER,9890,0.4862,0.3067,0.2041,0.0029,1992
Indiana,JAY,8836,0.4084,0.3631,0.2257,0.0028,1992
Indiana,JEFFERSON,13191,0.3743,0.4177,0.1945,0.0136,1992
Indiana,JENNINGS,10295,0.4266,0.3372,0.2302,0.006,1992
Indiana,JOHNSON,37438,0.5436,0.2327,0.2203,0.0034,1992
Indiana,KNOX,17284,0.3867,0.3887,0.2152,0.0095,1992
Indiana,KOSCIUSKO,24683,0.5744,0.215,0.2072,0.0033,1992
Indiana,LA PORTE,42463,0.3524,0.4172,0.227,0.0034,1992
Indiana,LAGRANGE,7444,0.4815,0.2812,0.2332,0.0042,1992
Indiana,LAKE,186298,0.2891,0.5517,0.1537,0.0055,1992
Indiana,LAWRENCE,16781,0.4596,0.3311,0.2057,0.0036,1992
Indiana,MADISON,59058,0.3976,0.3772,0.2218,0.0034,1992
Indiana,MARION,323790,0.4366,0.3775,0.1788,0.0071,1992
Indiana,MARSHALL,16567,0.4858,0.2965,0.2126,0.0051,1992
Indiana,MARTIN,5438,0.464,0.3711,0.1624,0.0026,1992
Indiana,MIAMI,13918,0.461,0.285,0.2463,0.0077,1992
