"state","total_votes","rep_votes","dem_votes","third_votes","other_votes","year","county"
"Louisiana",26835,0.7427,0.2445,0.0054,0.0075,2012,"acadia"
"Louisiana",9307,0.6979,0.2812,0.0078,0.0131,2012,"allen"
"Louisiana",51073,0.6629,0.3201,0.0105,0.0065,2012,"ascension"
"Louisiana",10992,0.5534,0.4325,0.0064,0.0077,2012,"assumption"
"Louisiana",17032,0.6265,0.3568,0.0058,0.011,2012,"avoyelles"
"Louisiana",14225,0.7812,0.1988,0.0102,0.0098,2012,"beauregard"
"Louisiana",7203,0.5055,0.4845,0.0035,0.0065,2012,"bienville"
"Louisiana",48562,0.7205,0.2668,0.008,0.0047,2012,"bossier"
"Louisiana",111765,0.4694,0.5193,0.0068,0.0045,2012,"caddo"
"Louisiana",81726,0.6344,0.347,0.01,0.0086,2012,"calcasieu"
"Louisiana",4716,0.7718,0.2154,0.0038,0.0089,2012,"caldwell"
"Louisiana",3744,0.8707,0.109,0.0069,0.0134,2012,"cameron"
"Louisiana",4193,0.6544,0.3358,0.0036,0.0062,2012,"catahoula"
"Louisiana",6732,0.542,0.4477,0.003,0.0073,2012,"claiborne"
"Louisiana",9380,0.581,0.4086,0.0043,0.0061,2012,"concordia"
"Louisiana",13051,0.5634,0.4255,0.0052,0.0059,2012,"de soto"
"Louisiana",198171,0.4657,0.518,0.0099,0.0064,2012,"east baton rouge"
"Louisiana",4008,0.3762,0.6183,0.001,0.0045,2012,"east carroll"
"Louisiana",10209,0.5287,0.4553,0.0061,0.01,2012,"east feliciana"
"Louisiana",15770,0.6456,0.338,0.0059,0.0105,2012,"evangeline"
"Louisiana",9336,0.6742,0.3129,0.0064,0.0065,2012,"franklin"
"Louisiana",8667,0.8171,0.1641,0.0077,0.0111,2012,"grant"
"Louisiana",33397,0.6256,0.3633,0.0047,0.0064,2012,"iberia"
"Louisiana",17014,0.4274,0.5612,0.0046,0.0068,2012,"iberville"
"Louisiana",7529,0.6816,0.3061,0.0049,0.0073,2012,"jackson"
"Louisiana",176343,0.5815,0.3991,0.0122,0.0072,2012,"jefferson"
"Louisiana",13734,0.7291,0.2537,0.0071,0.0101,2012,"jefferson davis"
"Louisiana",6572,0.8713,0.1163,0.0038,0.0087,2012,"la salle"
"Louisiana",98642,0.6589,0.3221,0.0124,0.0066,2012,"lafayette"
"Louisiana",39075,0.7317,0.2463,0.0109,0.0112,2012,"lafourche"
"Louisiana",18993,0.5654,0.4189,0.0098,0.0058,2012,"lincoln"
"Louisiana",54062,0.8419,0.1378,0.0117,0.0086,2012,"livingston"
"Louisiana",5187,0.3856,0.6081,0.0017,0.0046,2012,"madison"
"Louisiana",12614,0.5225,0.4668,0.0036,0.0071,2012,"morehouse"
"Louisiana",17258,0.526,0.4602,0.0078,0.006,2012,"natchitoches"
"Louisiana",157813,0.1774,0.803,0.0118,0.0078,2012,"orleans"
"Louisiana",68474,0.598,0.3891,0.0077,0.0052,2012,"ouachita"
"Louisiana",10239,0.632,0.3515,0.0091,0.0074,2012,"plaquemines"
"Louisiana",12147,0.5391,0.4475,0.0045,0.0089,2012,"pointe coupee"
"Louisiana",58019,0.641,0.3455,0.0063,0.0071,2012,"rapides"
"Louisiana",4807,0.5165,0.4687,0.0079,0.0069,2012,"red river"
"Louisiana",9329,0.6266,0.3631,0.0044,0.0059,2012,"richland"
"Louisiana",10053,0.7697,0.2182,0.0046,0.0075,2012,"sabine"
"Louisiana",13955,0.6092,0.3625,0.0139,0.0144,2012,"st. bernard"
"Louisiana",25333,0.6291,0.3512,0.012,0.0078,2012,"st. charles"
"Louisiana",6394,0.3955,0.5912,0.0042,0.0091,2012,"st. helena"
"Louisiana",12395,0.4203,0.5695,0.0044,0.0059,2012,"st. james"
"Louisiana",21123,0.3607,0.6239,0.0078,0.0076,2012,"st. john the baptist"
"Louisiana",41647,0.5156,0.4723,0.0048,0.0073,2012,"st. landry"
"Louisiana",25433,0.6155,0.3705,0.0064,0.0077,2012,"st. martin"
"Louisiana",23640,0.5874,0.3997,0.0061,0.0068,2012,"st. mary"
"Louisiana",112902,0.7504,0.2279,0.0145,0.0072,2012,"st. tammany"
"Louisiana",50099,0.6306,0.3537,0.0081,0.0076,2012,"tangipahoa"
"Louisiana",2812,0.4374,0.5562,0.0011,0.0053,2012,"tensas"
"Louisiana",42341,0.6968,0.2852,0.0098,0.0083,2012,"terrebonne"
"Louisiana",10766,0.7023,0.2856,0.0056,0.0065,2012,"union"
"Louisiana",24987,0.7568,0.2289,0.0074,0.0069,2012,"vermilion"
"Louisiana",15610,0.7783,0.2033,0.0078,0.0106,2012,"vernon"
"Louisiana",18581,0.6349,0.348,0.0048,0.0122,2012,"washington"
"Louisiana",18416,0.619,0.3694,0.0039,0.0078,2012,"webster"
"Louisiana",12774,0.5419,0.4456,0.0065,0.006,2012,"west baton rouge"
"Louisiana",4548,0.7977,0.1876,0.0051,0.0097,2012,"west carroll"
"Louisiana",5777,0.5638,0.4225,0.0081,0.0055,2012,"west feliciana"
"Louisiana",6534,0.695,0.2937,0.0047,0.0066,2012,"winn"
"Louisiana",26711,0.7199,0.2631,0,0.017,2008,"acadia"
"Louisiana",9467,0.669,0.3054,0,0.0257,2008,"allen"
"Louisiana",46571,0.6708,0.314,0,0.0152,2008,"ascension"
"Louisiana",10960,0.5457,0.4339,0,0.0203,2008,"assumption"
"Louisiana",16938,0.6043,0.3735,0,0.0221,2008,"avoyelles"
"Louisiana",14074,0.7615,0.2182,0,0.0203,2008,"beauregard"
"Louisiana",7430,0.5082,0.483,0,0.0087,2008,"bienville"
"Louisiana",45835,0.7137,0.2771,0,0.0091,2008,"bossier"
"Louisiana",108660,0.4807,0.5111,0,0.0082,2008,"caddo"
"Louisiana",82131,0.6143,0.3682,0,0.0175,2008,"calcasieu"
"Louisiana",4893,0.7554,0.2285,0,0.0161,2008,"caldwell"
"Louisiana",3793,0.8144,0.1616,0,0.024,2008,"cameron"
"Louisiana",5225,0.6672,0.3175,0,0.0153,2008,"catahoula"
"Louisiana",6841,0.5482,0.4422,0,0.0096,2008,"claiborne"
"Louisiana",9527,0.5949,0.3953,0,0.0098,2008,"concordia"
"Louisiana",12257,0.5616,0.4277,0,0.0108,2008,"de soto"
"Louisiana",197349,0.4834,0.505,0,0.0117,2008,"east baton rouge"
"Louisiana",3559,0.3523,0.637,0,0.0107,2008,"east carroll"
"Louisiana",9947,0.5461,0.4406,0,0.0133,2008,"east feliciana"
"Louisiana",15976,0.613,0.3664,0,0.0207,2008,"evangeline"
"Louisiana",9358,0.6709,0.3164,0,0.0127,2008,"franklin"
"Louisiana",8558,0.8071,0.1722,0,0.0207,2008,"grant"
"Louisiana",33168,0.6068,0.3766,0,0.0166,2008,"iberia"
"Louisiana",16421,0.4375,0.5495,0,0.013,2008,"iberville"
"Louisiana",7736,0.6709,0.3175,0,0.0116,2008,"jackson"
"Louisiana",181120,0.625,0.3594,0,0.0156,2008,"jefferson"
"Louisiana",13501,0.6872,0.2906,0,0.0222,2008,"jefferson davis"
"Louisiana",6553,0.8549,0.1312,0,0.0139,2008,"la salle"
"Louisiana",95642,0.6488,0.3361,0,0.0151,2008,"lafayette"
"Louisiana",37893,0.7149,0.255,0,0.0301,2008,"lafourche"
"Louisiana",19179,0.5569,0.4323,0,0.0108,2008,"lincoln"
"Louisiana",50892,0.8502,0.1313,0,0.0185,2008,"livingston"
"Louisiana",5300,0.406,0.5849,0,0.0091,2008,"madison"
"Louisiana",13200,0.5498,0.4388,0,0.0114,2008,"morehouse"
"Louisiana",17067,0.5305,0.4571,0,0.0124,2008,"natchitoches"
"Louisiana",147439,0.1908,0.7942,0,0.015,2008,"orleans"
"Louisiana",67244,0.6207,0.369,0,0.0103,2008,"ouachita"
"Louisiana",10449,0.6598,0.3235,0,0.0167,2008,"plaquemines"
"Louisiana",12435,0.539,0.4436,0,0.0175,2008,"pointe coupee"
"Louisiana",57521,0.6365,0.3499,0,0.0136,2008,"rapides"
"Louisiana",4629,0.5366,0.4493,0,0.014,2008,"red river"
"Louisiana",9181,0.6264,0.3606,0,0.013,2008,"richland"
"Louisiana",9652,0.7487,0.2326,0,0.0188,2008,"sabine"
"Louisiana",13541,0.7121,0.2578,0,0.0301,2008,"st. bernard"
"Louisiana",25397,0.648,0.3356,0,0.0165,2008,"st. charles"
"Louisiana",6184,0.4078,0.5768,0,0.0154,2008,"st. helena"
"Louisiana",12564,0.4323,0.5567,0,0.011,2008,"st. james"
"Louisiana",21656,0.4115,0.5737,0,0.0148,2008,"st. john the baptist"
"Louisiana",42493,0.5095,0.477,0,0.0135,2008,"st. landry"
"Louisiana",24252,0.5955,0.3884,0,0.0161,2008,"st. martin"
"Louisiana",22903,0.5756,0.408,0,0.0164,2008,"st. mary"
"Louisiana",109542,0.7584,0.2245,0,0.0171,2008,"st. tammany"
"Louisiana",48602,0.6468,0.3382,0,0.015,2008,"tangipahoa"
"Louisiana",3040,0.4497,0.5414,0,0.0089,2008,"tensas"
"Louisiana",40696,0.6932,0.2846,0,0.0222,2008,"terrebonne"
"Louisiana",10868,0.701,0.2855,0,0.0134,2008,"union"
"Louisiana",24833,0.7276,0.2523,0,0.0201,2008,"vermilion"
"Louisiana",15769,0.7576,0.2241,0,0.0183,2008,"vernon"
"Louisiana",18624,0.6559,0.3287,0,0.0154,2008,"washington"
"Louisiana",18270,0.6249,0.3618,0,0.0133,2008,"webster"
"Louisiana",11866,0.5608,0.425,0,0.0142,2008,"west baton rouge"
"Louisiana",4987,0.8111,0.1761,0,0.0128,2008,"west carroll"
"Louisiana",5620,0.5605,0.4297,0,0.0098,2008,"west feliciana"
"Louisiana",6772,0.684,0.3023,0,0.0137,2008,"winn"
"Louisiana",25230,0.6375,0.3542,0,0.0083,2004,"acadia"
"Louisiana",9124,0.5633,0.4155,0,0.0212,2004,"allen"
"Louisiana",39100,0.6307,0.3569,0,0.0124,2004,"ascension"
"Louisiana",10735,0.4626,0.5203,0,0.0171,2004,"assumption"
"Louisiana",15525,0.5348,0.4493,0,0.0159,2004,"avoyelles"
"Louisiana",13281,0.713,0.276,0,0.0109,2004,"beauregard"
"Louisiana",7157,0.5047,0.4749,0,0.0204,2004,"bienville"
"Louisiana",42705,0.7034,0.2884,0,0.0081,2004,"bossier"
"Louisiana",106595,0.5093,0.4854,0,0.0053,2004,"caddo"
"Louisiana",79698,0.5781,0.4124,0,0.0095,2004,"calcasieu"
"Louisiana",4752,0.6961,0.2912,0,0.0126,2004,"caldwell"
"Louisiana",4640,0.6875,0.2946,0,0.0179,2004,"cameron"
"Louisiana",4954,0.6498,0.3377,0,0.0125,2004,"catahoula"
"Louisiana",6630,0.5587,0.4305,0,0.0109,2004,"claiborne"
"Louisiana",8980,0.6043,0.3837,0,0.0119,2004,"concordia"
"Louisiana",11336,0.5479,0.4434,0,0.0087,2004,"de soto"
"Louisiana",183642,0.5442,0.4481,0,0.0076,2004,"east baton rouge"
"Louisiana",3395,0.3997,0.5832,0,0.0171,2004,"east carroll"
"Louisiana",9201,0.5457,0.4446,0,0.0097,2004,"east feliciana"
"Louisiana",13979,0.5686,0.4118,0,0.0195,2004,"evangeline"
"Louisiana",9103,0.6746,0.3107,0,0.0147,2004,"franklin"
"Louisiana",7991,0.7397,0.2474,0,0.0129,2004,"grant"
"Louisiana",32273,0.6017,0.385,0,0.0132,2004,"iberia"
"Louisiana",14827,0.4271,0.557,0,0.0158,2004,"iberville"
"Louisiana",7647,0.6588,0.3302,0,0.011,2004,"jackson"
"Louisiana",191663,0.615,0.3764,0,0.0086,2004,"jefferson"
"Louisiana",13007,0.6193,0.3648,0,0.0159,2004,"jefferson davis"
"Louisiana",6238,0.8039,0.1852,0,0.0109,2004,"la salle"
"Louisiana",89923,0.642,0.3471,0,0.0109,2004,"lafayette"
"Louisiana",37864,0.6004,0.3808,0,0.0188,2004,"lafourche"
"Louisiana",18218,0.5923,0.3975,0,0.0102,2004,"lincoln"
"Louisiana",44253,0.7678,0.2236,0,0.0086,2004,"livingston"
"Louisiana",4673,0.4903,0.4995,0,0.0103,2004,"madison"
"Louisiana",12971,0.576,0.4114,0,0.0126,2004,"morehouse"
"Louisiana",16966,0.5459,0.436,0,0.0181,2004,"natchitoches"
"Louisiana",197103,0.2174,0.7743,0,0.0084,2004,"orleans"
"Louisiana",64444,0.6478,0.3416,0,0.0105,2004,"ouachita"
"Louisiana",12153,0.6472,0.344,0,0.0087,2004,"plaquemines"
"Louisiana",11271,0.4817,0.5068,0,0.0115,2004,"pointe coupee"
"Louisiana",54069,0.6379,0.3496,0,0.0124,2004,"rapides"
"Louisiana",4717,0.5315,0.4537,0,0.0148,2004,"red river"
"Louisiana",8665,0.6314,0.3557,0,0.0129,2004,"richland"
"Louisiana",9576,0.7008,0.2864,0,0.0127,2004,"sabine"
"Louisiana",29838,0.6568,0.3337,0,0.0096,2004,"st. bernard"
"Louisiana",23837,0.6187,0.3715,0,0.0098,2004,"st. charles"
"Louisiana",5508,0.4058,0.5761,0,0.0182,2004,"st. helena"
"Louisiana",11108,0.4092,0.5768,0,0.014,2004,"st. james"
"Louisiana",19617,0.4608,0.5253,0,0.0139,2004,"st. john the baptist"
"Louisiana",36760,0.4982,0.4942,0,0.0076,2004,"st. landry"
"Louisiana",22824,0.5299,0.4522,0,0.0179,2004,"st. martin"
"Louisiana",22694,0.5674,0.4207,0,0.0119,2004,"st. mary"
"Louisiana",100592,0.747,0.2452,0,0.0078,2004,"st. tammany"
"Louisiana",42135,0.6214,0.3642,0,0.0145,2004,"tangipahoa"
"Louisiana",2963,0.4904,0.4958,0,0.0138,2004,"tensas"
"Louisiana",40574,0.6496,0.3373,0,0.0131,2004,"terrebonne"
"Louisiana",10718,0.6957,0.2882,0,0.016,2004,"union"
"Louisiana",24552,0.6138,0.37,0,0.0162,2004,"vermilion"
"Louisiana",15229,0.7244,0.265,0,0.0106,2004,"vernon"
"Louisiana",17841,0.6169,0.3674,0,0.0158,2004,"washington"
"Louisiana",18449,0.6,0.3704,0,0.0296,2004,"webster"
"Louisiana",10835,0.5373,0.4552,0,0.0075,2004,"west baton rouge"
"Louisiana",5033,0.7431,0.2446,0,0.0123,2004,"west carroll"
"Louisiana",5218,0.5619,0.4243,0,0.0138,2004,"west feliciana"
"Louisiana",6507,0.671,0.316,0,0.0131,2004,"winn"
"Louisiana",23238,0.5945,0.3826,0.0098,0.0131,2000,"acadia"
"Louisiana",8292,0.4866,0.472,0.0139,0.0275,2000,"allen"
"Louisiana",30844,0.5453,0.434,0.011,0.0098,2000,"ascension"
"Louisiana",10053,0.4365,0.5194,0.0118,0.0322,2000,"assumption"
"Louisiana",14653,0.5002,0.4573,0.0116,0.0309,2000,"avoyelles"
"Louisiana",12205,0.6442,0.3243,0.0127,0.0188,2000,"beauregard"
"Louisiana",7006,0.4666,0.4872,0.0071,0.0391,2000,"bienville"
"Louisiana",35915,0.6466,0.3323,0.0082,0.0129,2000,"bossier"
"Louisiana",95639,0.4894,0.497,0.0077,0.0059,2000,"caddo"
"Louisiana",73636,0.5172,0.4606,0.0122,0.01,2000,"calcasieu"
"Louisiana",4328,0.6509,0.314,0.0085,0.0266,2000,"caldwell"
"Louisiana",4183,0.6199,0.3431,0.011,0.0261,2000,"cameron"
"Louisiana",4765,0.6111,0.3605,0.0059,0.0225,2000,"catahoula"
"Louisiana",6281,0.5388,0.4332,0.0056,0.0224,2000,"claiborne"
"Louisiana",8499,0.5444,0.4199,0.0064,0.0293,2000,"concordia"
"Louisiana",10596,0.4964,0.4753,0.0063,0.022,2000,"de soto"
"Louisiana",168989,0.5274,0.4528,0.0125,0.0073,2000,"east baton rouge"
"Louisiana",3245,0.3945,0.5781,0.0049,0.0225,2000,"east carroll"
"Louisiana",8099,0.5002,0.4778,0.0074,0.0146,2000,"east feliciana"
"Louisiana",13612,0.5356,0.4234,0.0103,0.0308,2000,"evangeline"
"Louisiana",8356,0.6418,0.3341,0.0061,0.018,2000,"franklin"
"Louisiana",7055,0.6781,0.2975,0.0081,0.0163,2000,"grant"
"Louisiana",30020,0.5742,0.3918,0.0122,0.0219,2000,"iberia"
"Louisiana",14503,0.3843,0.5761,0.0121,0.0276,2000,"iberville"
"Louisiana",7106,0.6117,0.3634,0.0075,0.0175,2000,"jackson"
"Louisiana",179151,0.5861,0.393,0.0128,0.0081,2000,"jefferson"
"Louisiana",12546,0.5536,0.4114,0.0114,0.0236,2000,"jefferson davis"
"Louisiana",6108,0.7472,0.2287,0.0093,0.0147,2000,"la salle"
"Louisiana",78293,0.6194,0.3473,0.0193,0.0141,2000,"lafayette"
"Louisiana",34449,0.5392,0.4246,0.0123,0.0239,2000,"lafourche"
"Louisiana",16551,0.5586,0.4139,0.0075,0.0199,2000,"lincoln"
"Louisiana",36865,0.6751,0.2986,0.0104,0.0158,2000,"livingston"
"Louisiana",4743,0.4485,0.5248,0.0078,0.019,2000,"madison"
"Louisiana",12321,0.539,0.4293,0.0084,0.0234,2000,"morehouse"
"Louisiana",14857,0.4935,0.466,0.0073,0.0331,2000,"natchitoches"
"Louisiana",181221,0.2174,0.7595,0.0167,0.0064,2000,"orleans"
"Louisiana",58211,0.6031,0.3686,0.0091,0.0192,2000,"ouachita"
"Louisiana",10931,0.5765,0.4048,0.0095,0.0091,2000,"plaquemines"
"Louisiana",10832,0.4348,0.5367,0.01,0.0186,2000,"pointe coupee"
"Louisiana",49024,0.5881,0.3855,0.0091,0.0173,2000,"rapides"
"Louisiana",4522,0.4865,0.4814,0.0077,0.0243,2000,"red river"
"Louisiana",8485,0.5769,0.3868,0.006,0.0303,2000,"richland"
"Louisiana",8862,0.6493,0.3211,0.0091,0.0204,2000,"sabine"
"Louisiana",28621,0.5679,0.4082,0.0139,0.01,2000,"st. bernard"
"Louisiana",21510,0.557,0.4146,0.01,0.0184,2000,"st. charles"
"Louisiana",5254,0.374,0.5822,0.0124,0.0314,2000,"st. helena"
"Louisiana",10705,0.3562,0.6093,0.0057,0.0288,2000,"st. james"
"Louisiana",17713,0.4191,0.5502,0.0093,0.0215,2000,"st. john the baptist"
"Louisiana",34151,0.4524,0.529,0.0066,0.012,2000,"st. landry"
"Louisiana",20778,0.4794,0.4742,0.0129,0.0335,2000,"st. martin"
"Louisiana",21810,0.5193,0.4517,0.0098,0.0193,2000,"st. mary"
"Louisiana",83737,0.7069,0.2713,0.0143,0.0074,2000,"st. tammany"
"Louisiana",37155,0.5496,0.4264,0.0109,0.0131,2000,"tangipahoa"
"Louisiana",3010,0.4419,0.5249,0.0066,0.0266,2000,"tensas"
"Louisiana",36675,0.5812,0.393,0.0085,0.0174,2000,"terrebonne"
"Louisiana",9343,0.6178,0.343,0.0071,0.0321,2000,"union"
"Louisiana",22235,0.562,0.3915,0.0138,0.0328,2000,"vermilion"
"Louisiana",13827,0.636,0.3367,0.0109,0.0164,2000,"vernon"
"Louisiana",16887,0.5319,0.4381,0.0075,0.0224,2000,"washington"
"Louisiana",17090,0.5512,0.4211,0.007,0.0207,2000,"webster"
"Louisiana",10169,0.4842,0.4974,0.0068,0.0116,2000,"west baton rouge"
"Louisiana",4675,0.6888,0.2821,0.0053,0.0237,2000,"west carroll"
"Louisiana",4860,0.5169,0.45,0.0128,0.0204,2000,"west feliciana"
"Louisiana",6361,0.6332,0.3407,0.0082,0.0179,2000,"winn"
"Louisiana",23927,0.3864,0.5141,0.0934,0.0061,1996,"acadia"
"Louisiana",8844,0.2927,0.5574,0.1342,0.0156,1996,"allen"
"Louisiana",29400,0.3702,0.5191,0.103,0.0077,1996,"ascension"
"Louisiana",10212,0.2642,0.6283,0.0885,0.019,1996,"assumption"
"Louisiana",16410,0.2701,0.5904,0.118,0.0214,1996,"avoyelles"
"Louisiana",12499,0.4421,0.394,0.1467,0.0171,1996,"beauregard"
"Louisiana",7384,0.3253,0.5871,0.0619,0.0257,1996,"bienville"
"Louisiana",35382,0.4763,0.4382,0.0752,0.0103,1996,"bossier"
"Louisiana",99379,0.3869,0.5589,0.0485,0.0057,1996,"caddo"
"Louisiana",73661,0.3597,0.5191,0.1124,0.0088,1996,"calcasieu"
"Louisiana",4559,0.404,0.4644,0.1127,0.0189,1996,"caldwell"
"Louisiana",4148,0.3291,0.507,0.1432,0.0207,1996,"cameron"
"Louisiana",5166,0.3426,0.5211,0.119,0.0172,1996,"catahoula"
"Louisiana",6739,0.371,0.5355,0.0786,0.0148,1996,"claiborne"
"Louisiana",8715,0.3596,0.5238,0.0981,0.0185,1996,"concordia"
"Louisiana",10520,0.3352,0.5913,0.0614,0.0121,1996,"de soto"
"Louisiana",170647,0.456,0.4893,0.0468,0.0079,1996,"east baton rouge"
"Louisiana",3411,0.2955,0.63,0.0545,0.0199,1996,"east carroll"
"Louisiana",8401,0.351,0.5611,0.0786,0.0093,1996,"east feliciana"
"Louisiana",14854,0.3553,0.5283,0.0974,0.019,1996,"evangeline"
"Louisiana",9000,0.4401,0.4529,0.0904,0.0166,1996,"franklin"
"Louisiana",7292,0.4275,0.4087,0.1447,0.0192,1996,"grant"
"Louisiana",29965,0.4009,0.5035,0.0817,0.0139,1996,"iberia"
"Louisiana",14879,0.2709,0.642,0.0723,0.0147,1996,"iberville"
"Louisiana",7067,0.4288,0.4766,0.0808,0.0139,1996,"jackson"
"Louisiana",184466,0.5032,0.4359,0.0524,0.0085,1996,"jefferson"
"Louisiana",12943,0.3331,0.5329,0.1192,0.0148,1996,"jefferson davis"
"Louisiana",6506,0.4496,0.3909,0.1456,0.014,1996,"la salle"
"Louisiana",74468,0.4891,0.4365,0.0622,0.0123,1996,"lafayette"
"Louisiana",34596,0.3499,0.5437,0.0863,0.0201,1996,"lafourche"
"Louisiana",15855,0.4398,0.4985,0.048,0.0137,1996,"lincoln"
"Louisiana",34095,0.4739,0.3894,0.1217,0.015,1996,"livingston"
"Louisiana",5065,0.3141,0.6091,0.0622,0.0146,1996,"madison"
"Louisiana",12493,0.4157,0.4931,0.0771,0.0142,1996,"morehouse"
"Louisiana",15170,0.3606,0.5469,0.0694,0.0231,1996,"natchitoches"
"Louisiana",189911,0.2084,0.762,0.02,0.0095,1996,"orleans"
"Louisiana",57594,0.4959,0.4258,0.0623,0.016,1996,"ouachita"
"Louisiana",10797,0.4161,0.4953,0.0793,0.0093,1996,"plaquemines"
"Louisiana",11332,0.3128,0.6032,0.0746,0.0094,1996,"pointe coupee"
"Louisiana",49931,0.4316,0.4607,0.0935,0.0142,1996,"rapides"
"Louisiana",4296,0.3128,0.6148,0.0624,0.01,1996,"red river"
"Louisiana",8710,0.4323,0.4757,0.0741,0.018,1996,"richland"
"Louisiana",9007,0.3934,0.4733,0.1158,0.0175,1996,"sabine"
"Louisiana",30892,0.4386,0.4633,0.0862,0.0119,1996,"st. bernard"
"Louisiana",21393,0.4355,0.4961,0.0611,0.0074,1996,"st. charles"
"Louisiana",5608,0.2595,0.6583,0.0744,0.0078,1996,"st. helena"
"Louisiana",10743,0.2636,0.6746,0.0566,0.0052,1996,"st. james"
"Louisiana",17051,0.3534,0.5828,0.0567,0.0072,1996,"st. john the baptist"
"Louisiana",35453,0.3462,0.5821,0.0652,0.0066,1996,"st. landry"
"Louisiana",20736,0.3036,0.6024,0.0775,0.0164,1996,"st. martin"
"Louisiana",22569,0.3553,0.5495,0.082,0.0132,1996,"st. mary"
"Louisiana",74526,0.6006,0.3258,0.0636,0.01,1996,"st. tammany"
"Louisiana",37591,0.4128,0.4953,0.0836,0.0083,1996,"tangipahoa"
"Louisiana",3099,0.3227,0.6073,0.0568,0.0132,1996,"tensas"
"Louisiana",36361,0.3835,0.5102,0.0924,0.014,1996,"terrebonne"
"Louisiana",9543,0.463,0.4464,0.0729,0.0177,1996,"union"
"Louisiana",22661,0.3377,0.5564,0.0862,0.0196,1996,"vermilion"
"Louisiana",13966,0.3902,0.4436,0.1481,0.0182,1996,"vernon"
"Louisiana",18023,0.3685,0.5328,0.0912,0.0075,1996,"washington"
"Louisiana",17517,0.3513,0.5531,0.0756,0.0201,1996,"webster"
"Louisiana",9798,0.3321,0.5814,0.0815,0.0049,1996,"west baton rouge"
"Louisiana",4764,0.4966,0.389,0.0968,0.0176,1996,"west carroll"
"Louisiana",4506,0.3586,0.5362,0.0861,0.0191,1996,"west feliciana"
"Louisiana",7463,0.3756,0.5064,0.0985,0.0196,1996,"winn"
"Louisiana",24568,0.367,0.4997,0.128,0.0053,1992,"acadia"
"Louisiana",10017,0.3064,0.5616,0.1243,0.0077,1992,"allen"
"Louisiana",27748,0.3703,0.4698,0.1548,0.0051,1992,"ascension"
"Louisiana",10453,0.2801,0.5395,0.1299,0.0505,1992,"assumption"
"Louisiana",16549,0.2931,0.5255,0.1293,0.0521,1992,"avoyelles"
"Louisiana",12551,0.4079,0.4013,0.1676,0.0233,1992,"beauregard"
"Louisiana",7432,0.3245,0.5246,0.1119,0.0389,1992,"bienville"
"Louisiana",32801,0.4764,0.3449,0.1483,0.0304,1992,"bossier"
"Louisiana",102678,0.4155,0.4649,0.1152,0.0044,1992,"caddo"
"Louisiana",69862,0.3557,0.4805,0.1572,0.0067,1992,"calcasieu"
"Louisiana",4684,0.374,0.44,0.1394,0.0465,1992,"caldwell"
"Louisiana",4338,0.3064,0.4576,0.2294,0.0067,1992,"cameron"
"Louisiana",5471,0.3612,0.4697,0.1413,0.0278,1992,"catahoula"
"Louisiana",6996,0.3715,0.4664,0.1324,0.0297,1992,"claiborne"
"Louisiana",9148,0.3523,0.4682,0.144,0.0355,1992,"concordia"
"Louisiana",11021,0.3306,0.5146,0.1232,0.0317,1992,"de soto"
"Louisiana",166691,0.4864,0.4117,0.0966,0.0054,1992,"east baton rouge"
"Louisiana",3375,0.3384,0.5437,0.0839,0.0341,1992,"east carroll"
"Louisiana",7895,0.3563,0.5184,0.118,0.0072,1992,"east feliciana"
"Louisiana",16376,0.3143,0.523,0.1297,0.033,1992,"evangeline"
"Louisiana",9653,0.4029,0.4275,0.1358,0.0338,1992,"franklin"
"Louisiana",7878,0.408,0.3963,0.149,0.0467,1992,"grant"
"Louisiana",30530,0.3899,0.4271,0.1421,0.0409,1992,"iberia"
"Louisiana",15594,0.3342,0.527,0.0989,0.0399,1992,"iberville"
"Louisiana",7566,0.406,0.4454,0.1166,0.032,1992,"jackson"
"Louisiana",187038,0.5373,0.3438,0.1138,0.0052,1992,"jefferson"
"Louisiana",13838,0.3261,0.5074,0.1605,0.0059,1992,"jefferson davis"
"Louisiana",6723,0.4563,0.3553,0.1477,0.0406,1992,"la salle"
"Louisiana",71762,0.4516,0.3983,0.1271,0.023,1992,"lafayette"
"Louisiana",35645,0.3575,0.454,0.1424,0.0461,1992,"lafourche"
"Louisiana",16561,0.436,0.4351,0.1057,0.0232,1992,"lincoln"
"Louisiana",31421,0.4713,0.366,0.1582,0.0046,1992,"livingston"
"Louisiana",5106,0.3333,0.5431,0.0919,0.0317,1992,"madison"
"Louisiana",13463,0.3984,0.4466,0.1283,0.0267,1992,"morehouse"
"Louisiana",14779,0.3853,0.4719,0.1087,0.0342,1992,"natchitoches"
"Louisiana",197349,0.2636,0.6753,0.0552,0.006,1992,"orleans"
"Louisiana",56502,0.4885,0.3687,0.117,0.0258,1992,"ouachita"
"Louisiana",11257,0.4458,0.3968,0.1536,0.0038,1992,"plaquemines"
"Louisiana",11322,0.3147,0.5752,0.1022,0.0079,1992,"pointe coupee"
"Louisiana",51882,0.4391,0.4023,0.1272,0.0314,1992,"rapides"
"Louisiana",4680,0.3524,0.5043,0.1209,0.0224,1992,"red river"
"Louisiana",8903,0.4277,0.4163,0.1184,0.0376,1992,"richland"
"Louisiana",9348,0.3836,0.4464,0.1304,0.0396,1992,"sabine"
"Louisiana",32938,0.4897,0.3736,0.1308,0.0059,1992,"st. bernard"
"Louisiana",20877,0.4387,0.422,0.1242,0.0151,1992,"st. charles"
"Louisiana",5618,0.2697,0.608,0.1048,0.0174,1992,"st. helena"
"Louisiana",11186,0.2985,0.5908,0.0888,0.0219,1992,"st. james"
"Louisiana",17851,0.377,0.5029,0.1077,0.0124,1992,"st. john the baptist"
"Louisiana",36815,0.3227,0.5537,0.1159,0.0077,1992,"st. landry"
"Louisiana",20426,0.2893,0.5509,0.126,0.0339,1992,"st. martin"
"Louisiana",23440,0.3751,0.4543,0.139,0.0317,1992,"st. mary"
"Louisiana",66921,0.5654,0.2949,0.1346,0.0051,1992,"st. tammany"
"Louisiana",34245,0.4126,0.4437,0.1347,0.0091,1992,"tangipahoa"
"Louisiana",3266,0.353,0.5101,0.1081,0.0288,1992,"tensas"
"Louisiana",34664,0.423,0.3844,0.1588,0.0338,1992,"terrebonne"
"Louisiana",10069,0.4404,0.3978,0.1201,0.0418,1992,"union"
"Louisiana",23444,0.3012,0.5257,0.1334,0.0397,1992,"vermilion"
"Louisiana",14767,0.4004,0.4066,0.1566,0.0364,1992,"vernon"
"Louisiana",18753,0.3854,0.485,0.1228,0.0068,1992,"washington"
"Louisiana",18264,0.3636,0.4588,0.1439,0.0337,1992,"webster"
"Louisiana",9976,0.353,0.5143,0.1252,0.0074,1992,"west baton rouge"
"Louisiana",5120,0.4066,0.4039,0.1506,0.0389,1992,"west carroll"
"Louisiana",4374,0.3432,0.5322,0.118,0.0066,1992,"west feliciana"
"Louisiana",7549,0.3884,0.4685,0.1117,0.0314,1992,"winn"
"Louisiana",23110,0.4898,0.4981,0,0.0122,1988,"acadia"
"Louisiana",8989,0.4087,0.5789,0,0.0123,1988,"allen"
"Louisiana",23240,0.4615,0.5227,0,0.0158,1988,"ascension"
"Louisiana",9995,0.4019,0.5613,0,0.0368,1988,"assumption"
"Louisiana",15600,0.491,0.4713,0,0.0377,1988,"avoyelles"
"Louisiana",11284,0.573,0.4169,0,0.0101,1988,"beauregard"
"Louisiana",7537,0.4883,0.4916,0,0.0202,1988,"bienville"
"Louisiana",30085,0.6916,0.3003,0,0.0081,1988,"bossier"
"Louisiana",94402,0.5773,0.4153,0,0.0074,1988,"caddo"
"Louisiana",64100,0.4625,0.5294,0,0.0081,1988,"calcasieu"
"Louisiana",4559,0.6574,0.3121,0,0.0305,1988,"caldwell"
"Louisiana",4070,0.4361,0.5545,0,0.0093,1988,"cameron"
"Louisiana",4950,0.5782,0.3871,0,0.0347,1988,"catahoula"
"Louisiana",7007,0.536,0.4507,0,0.0133,1988,"claiborne"
"Louisiana",8761,0.5749,0.395,0,0.03,1988,"concordia"
"Louisiana",10516,0.4776,0.5103,0,0.0122,1988,"de soto"
"Louisiana",147584,0.5881,0.4016,0,0.0103,1988,"east baton rouge"
"Louisiana",3460,0.4439,0.5228,0,0.0332,1988,"east carroll"
"Louisiana",7349,0.4799,0.4979,0,0.0222,1988,"east feliciana"
"Louisiana",15400,0.4829,0.4995,0,0.0175,1988,"evangeline"
"Louisiana",8876,0.6219,0.3428,0,0.0353,1988,"franklin"
"Louisiana",7245,0.6076,0.3627,0,0.0297,1988,"grant"
"Louisiana",28331,0.5449,0.4294,0,0.0257,1988,"iberia"
"Louisiana",14836,0.3946,0.5849,0,0.0204,1988,"iberville"
"Louisiana",7249,0.5864,0.3921,0,0.0215,1988,"jackson"
"Louisiana",166370,0.6668,0.3188,0,0.0144,1988,"jefferson"
"Louisiana",12791,0.4574,0.5315,0,0.011,1988,"jefferson davis"
"Louisiana",6359,0.7169,0.2551,0,0.028,1988,"la salle"
"Louisiana",61658,0.5944,0.3914,0,0.0142,1988,"lafayette"
"Louisiana",32179,0.5019,0.4665,0,0.0315,1988,"lafourche"
"Louisiana",14657,0.604,0.3703,0,0.0257,1988,"lincoln"
"Louisiana",25743,0.6129,0.3752,0,0.0118,1988,"livingston"
"Louisiana",4911,0.4753,0.492,0,0.0328,1988,"madison"
"Louisiana",12140,0.6042,0.3703,0,0.0255,1988,"morehouse"
"Louisiana",13733,0.526,0.4479,0,0.0261,1988,"natchitoches"
"Louisiana",183800,0.3524,0.6358,0,0.0119,1988,"orleans"
"Louisiana",50292,0.6732,0.3068,0,0.02,1988,"ouachita"
"Louisiana",10293,0.5911,0.3883,0,0.0206,1988,"plaquemines"
"Louisiana",10930,0.3964,0.5771,0,0.0264,1988,"pointe coupee"
"Louisiana",48891,0.6131,0.3667,0,0.0202,1988,"rapides"
"Louisiana",4586,0.4941,0.4915,0,0.0144,1988,"red river"
"Louisiana",8315,0.6285,0.3407,0,0.0308,1988,"richland"
"Louisiana",8541,0.5581,0.4135,0,0.0283,1988,"sabine"
"Louisiana",31736,0.6179,0.3594,0,0.0227,1988,"st. bernard"
"Louisiana",17995,0.5382,0.4431,0,0.0187,1988,"st. charles"
"Louisiana",5153,0.3893,0.5847,0,0.026,1988,"st. helena"
"Louisiana",10719,0.3544,0.6257,0,0.0199,1988,"st. james"
"Louisiana",16219,0.4602,0.5158,0,0.024,1988,"st. john the baptist"
"Louisiana",35457,0.4453,0.5384,0,0.0162,1988,"st. landry"
"Louisiana",18129,0.416,0.5598,0,0.0243,1988,"st. martin"
"Louisiana",22318,0.5171,0.4644,0,0.0186,1988,"st. mary"
"Louisiana",54823,0.6992,0.2852,0,0.0155,1988,"st. tammany"
"Louisiana",30688,0.5432,0.4408,0,0.016,1988,"tangipahoa"
"Louisiana",3290,0.5,0.4729,0,0.0271,1988,"tensas"
"Louisiana",32212,0.5819,0.3938,0,0.0242,1988,"terrebonne"
"Louisiana",9369,0.6297,0.3426,0,0.0276,1988,"union"
"Louisiana",21966,0.4199,0.5545,0,0.0256,1988,"vermilion"
"Louisiana",12761,0.584,0.3917,0,0.0243,1988,"vernon"
"Louisiana",18094,0.5181,0.4625,0,0.0194,1988,"washington"
"Louisiana",17805,0.5731,0.4175,0,0.0094,1988,"webster"
"Louisiana",8801,0.4513,0.5324,0,0.0162,1988,"west baton rouge"
"Louisiana",4797,0.6414,0.335,0,0.0236,1988,"west carroll"
"Louisiana",4089,0.4534,0.5248,0,0.0218,1988,"west feliciana"
"Louisiana",7057,0.5902,0.3825,0,0.0273,1988,"winn"
"Louisiana",24602,0.6059,0.3765,0,0.0176,1984,"acadia"
"Louisiana",9382,0.4769,0.5161,0,0.007,1984,"allen"
"Louisiana",23170,0.5155,0.4768,0,0.0076,1984,"ascension"
"Louisiana",10363,0.5243,0.4497,0,0.0261,1984,"assumption"
"Louisiana",16673,0.5639,0.4083,0,0.0278,1984,"avoyelles"
"Louisiana",11648,0.6313,0.3605,0,0.0082,1984,"beauregard"
"Louisiana",8226,0.5576,0.4291,0,0.0133,1984,"bienville"
"Louisiana",29782,0.7601,0.2352,0,0.0046,1984,"bossier"
"Louisiana",99601,0.6368,0.3587,0,0.0045,1984,"caddo"
"Louisiana",69210,0.5139,0.4799,0,0.0062,1984,"calcasieu"
"Louisiana",4819,0.6933,0.2797,0,0.027,1984,"caldwell"
"Louisiana",3906,0.5799,0.4117,0,0.0084,1984,"cameron"
"Louisiana",5391,0.6752,0.3059,0,0.0189,1984,"catahoula"
"Louisiana",7214,0.6029,0.3865,0,0.0107,1984,"claiborne"
"Louisiana",9692,0.6373,0.3438,0,0.0189,1984,"concordia"
"Louisiana",10739,0.5577,0.4323,0,0.0101,1984,"de soto"
"Louisiana",153268,0.6244,0.3698,0,0.0058,1984,"east baton rouge"
"Louisiana",4132,0.4777,0.5056,0,0.0167,1984,"east carroll"
"Louisiana",8401,0.4959,0.4907,0,0.0135,1984,"east feliciana"
"Louisiana",15844,0.5478,0.4406,0,0.0116,1984,"evangeline"
"Louisiana",9894,0.678,0.2968,0,0.0252,1984,"franklin"
"Louisiana",8097,0.6588,0.3196,0,0.0216,1984,"grant"
"Louisiana",28526,0.6214,0.3565,0,0.0221,1984,"iberia"
"Louisiana",15159,0.4258,0.5665,0,0.0077,1984,"iberville"
"Louisiana",7761,0.6486,0.3309,0,0.0205,1984,"jackson"
"Louisiana",166023,0.7469,0.2481,0,0.0051,1984,"jefferson"
"Louisiana",14464,0.5736,0.4122,0,0.0142,1984,"jefferson davis"
"Louisiana",6875,0.786,0.1917,0,0.0223,1984,"la salle"
"Louisiana",64458,0.688,0.2989,0,0.0132,1984,"lafayette"
"Louisiana",32005,0.654,0.3183,0,0.0278,1984,"lafourche"
"Louisiana",14701,0.6181,0.3695,0,0.0124,1984,"lincoln"
"Louisiana",26576,0.6572,0.3354,0,0.0075,1984,"livingston"
"Louisiana",5864,0.4858,0.4956,0,0.0186,1984,"madison"
"Louisiana",13685,0.6273,0.3529,0,0.0198,1984,"morehouse"
"Louisiana",14978,0.5899,0.3876,0,0.0224,1984,"natchitoches"
"Louisiana",206956,0.4171,0.5773,0,0.0056,1984,"orleans"
"Louisiana",53574,0.6957,0.2898,0,0.0145,1984,"ouachita"
"Louisiana",10977,0.6974,0.2971,0,0.0056,1984,"plaquemines"
"Louisiana",12287,0.4458,0.5479,0,0.0063,1984,"pointe coupee"
"Louisiana",49963,0.6581,0.3227,0,0.0193,1984,"rapides"
"Louisiana",5067,0.6039,0.3864,0,0.0097,1984,"red river"
"Louisiana",9083,0.6584,0.3213,0,0.0204,1984,"richland"
"Louisiana",9500,0.6626,0.3137,0,0.0237,1984,"sabine"
"Louisiana",32657,0.748,0.2473,0,0.0047,1984,"st. bernard"
"Louisiana",17082,0.5962,0.3971,0,0.0066,1984,"st. charles"
"Louisiana",5435,0.4353,0.5439,0,0.0208,1984,"st. helena"
"Louisiana",10735,0.431,0.5579,0,0.0111,1984,"st. james"
"Louisiana",16851,0.5396,0.4537,0,0.0066,1984,"st. john the baptist"
"Louisiana",37223,0.5119,0.4822,0,0.0059,1984,"st. landry"
"Louisiana",18591,0.5217,0.462,0,0.0164,1984,"st. martin"
"Louisiana",24974,0.6116,0.3768,0,0.0115,1984,"st. mary"
"Louisiana",50775,0.7615,0.2308,0,0.0077,1984,"st. tammany"
"Louisiana",32579,0.601,0.3929,0,0.0061,1984,"tangipahoa"
"Louisiana",3655,0.5352,0.4454,0,0.0194,1984,"tensas"
"Louisiana",34089,0.6951,0.2828,0,0.0221,1984,"terrebonne"
"Louisiana",9723,0.6773,0.2999,0,0.0228,1984,"union"
"Louisiana",22378,0.5685,0.4037,0,0.0279,1984,"vermilion"
"Louisiana",13369,0.6758,0.3049,0,0.0193,1984,"vernon"
"Louisiana",18988,0.5891,0.4045,0,0.0065,1984,"washington"
"Louisiana",18677,0.6454,0.3485,0,0.0061,1984,"webster"
"Louisiana",8883,0.4716,0.5213,0,0.0071,1984,"west baton rouge"
"Louisiana",5469,0.7084,0.2695,0,0.0221,1984,"west carroll"
"Louisiana",4426,0.4738,0.5188,0,0.0075,1984,"west feliciana"
"Louisiana",7727,0.6385,0.3408,0,0.0207,1984,"winn"
"Louisiana",22100,0.5219,0.4501,0,0.028,1980,"acadia"
"Louisiana",9564,0.348,0.6333,0,0.0187,1980,"allen"
"Louisiana",20200,0.3583,0.6129,0,0.0288,1980,"ascension"
"Louisiana",9073,0.441,0.5157,0,0.0433,1980,"assumption"
"Louisiana",16071,0.5112,0.4464,0,0.0424,1980,"avoyelles"
"Louisiana",11059,0.4747,0.5024,0,0.0229,1980,"beauregard"
"Louisiana",7770,0.4515,0.5306,0,0.0179,1980,"bienville"
"Louisiana",26339,0.627,0.356,0,0.017,1980,"bossier"
"Louisiana",89184,0.5741,0.4084,0,0.0175,1980,"caddo"
"Louisiana",64859,0.4255,0.5465,0,0.028,1980,"calcasieu"
"Louisiana",4581,0.5791,0.3899,0,0.031,1980,"caldwell"
"Louisiana",3798,0.3815,0.5848,0,0.0337,1980,"cameron"
"Louisiana",5531,0.5319,0.4364,0,0.0316,1980,"catahoula"
"Louisiana",7074,0.5001,0.4867,0,0.0131,1980,"claiborne"
"Louisiana",9102,0.542,0.4346,0,0.0234,1980,"concordia"
"Louisiana",10327,0.4211,0.5675,0,0.0113,1980,"de soto"
"Louisiana",133168,0.5336,0.4313,0,0.035,1980,"east baton rouge"
"Louisiana",4231,0.4413,0.5396,0,0.0191,1980,"east carroll"
"Louisiana",6873,0.3856,0.5868,0,0.0276,1980,"east feliciana"
"Louisiana",14461,0.5126,0.4648,0,0.0226,1980,"evangeline"
"Louisiana",9748,0.5438,0.4285,0,0.0277,1980,"franklin"
"Louisiana",7148,0.5052,0.4603,0,0.0346,1980,"grant"
"Louisiana",25028,0.5703,0.3868,0,0.0429,1980,"iberia"
"Louisiana",14135,0.3157,0.6623,0,0.022,1980,"iberville"
"Louisiana",7730,0.5075,0.4669,0,0.0256,1980,"jackson"
"Louisiana",155111,0.6409,0.328,0,0.0312,1980,"jefferson"
"Louisiana",12127,0.4673,0.5063,0,0.0264,1980,"jefferson davis"
"Louisiana",6634,0.5716,0.4017,0,0.0267,1980,"la salle"
"Louisiana",53526,0.5872,0.3679,0,0.0449,1980,"lafayette"
"Louisiana",30818,0.4851,0.4615,0,0.0534,1980,"lafourche"
"Louisiana",13470,0.5579,0.4156,0,0.0265,1980,"lincoln"
"Louisiana",22609,0.4718,0.5006,0,0.0276,1980,"livingston"
"Louisiana",5928,0.427,0.5506,0,0.0224,1980,"madison"
"Louisiana",12397,0.5851,0.3917,0,0.0232,1980,"morehouse"
"Louisiana",14189,0.4699,0.5005,0,0.0295,1980,"natchitoches"
"Louisiana",187904,0.3954,0.5687,0,0.0359,1980,"orleans"
"Louisiana",47314,0.6298,0.3446,0,0.0256,1980,"ouachita"
"Louisiana",10079,0.5446,0.4284,0,0.027,1980,"plaquemines"
"Louisiana",10263,0.3573,0.6231,0,0.0196,1980,"pointe coupee"
"Louisiana",46302,0.5524,0.4198,0,0.0279,1980,"rapides"
"Louisiana",4986,0.4306,0.5568,0,0.0126,1980,"red river"
"Louisiana",8744,0.5457,0.4283,0,0.026,1980,"richland"
"Louisiana",9585,0.445,0.5321,0,0.023,1980,"sabine"
"Louisiana",32065,0.6053,0.3545,0,0.0402,1980,"st. bernard"
"Louisiana",15123,0.4483,0.5223,0,0.0295,1980,"st. charles"
"Louisiana",4852,0.3155,0.656,0,0.0284,1980,"st. helena"
"Louisiana",9824,0.349,0.6317,0,0.0192,1980,"st. james"
"Louisiana",13861,0.4198,0.5517,0,0.0285,1980,"st. john the baptist"
"Louisiana",32678,0.4572,0.5241,0,0.0188,1980,"st. landry"
"Louisiana",15040,0.4455,0.516,0,0.0385,1980,"st. martin"
"Louisiana",21606,0.4803,0.4863,0,0.0334,1980,"st. mary"
"Louisiana",42698,0.6374,0.3317,0,0.031,1980,"st. tammany"
"Louisiana",31342,0.4846,0.4873,0,0.0282,1980,"tangipahoa"
"Louisiana",3785,0.4346,0.5406,0,0.0248,1980,"tensas"
"Louisiana",28681,0.5803,0.3767,0,0.043,1980,"terrebonne"
"Louisiana",9198,0.5577,0.4176,0,0.0247,1980,"union"
"Louisiana",21409,0.4896,0.4551,0,0.0554,1980,"vermilion"
"Louisiana",13436,0.4368,0.5357,0,0.0275,1980,"vernon"
"Louisiana",19472,0.4458,0.5348,0,0.0194,1980,"washington"
"Louisiana",17647,0.5024,0.4855,0,0.0121,1980,"webster"
"Louisiana",7753,0.3648,0.6112,0,0.024,1980,"west baton rouge"
"Louisiana",5712,0.6005,0.3708,0,0.0287,1980,"west carroll"
"Louisiana",3722,0.3323,0.629,0,0.0387,1980,"west feliciana"
"Louisiana",7547,0.5226,0.452,0,0.0254,1980,"winn"
"Louisiana",17648,0.3568,0.6128,0,0.0305,1976,"acadia"
"Louisiana",7673,0.2711,0.7002,0,0.0287,1976,"allen"
"Louisiana",13978,0.3173,0.651,0,0.0317,1976,"ascension"
"Louisiana",7711,0.4042,0.5707,0,0.025,1976,"assumption"
"Louisiana",13315,0.3435,0.6086,0,0.0478,1976,"avoyelles"
"Louisiana",8786,0.3638,0.6057,0,0.0305,1976,"beauregard"
"Louisiana",6011,0.4157,0.566,0,0.0183,1976,"bienville"
"Louisiana",20487,0.5922,0.3935,0,0.0143,1976,"bossier"
"Louisiana",74340,0.5734,0.4115,0,0.0151,1976,"caddo"
"Louisiana",52595,0.3324,0.6461,0,0.0215,1976,"calcasieu"
"Louisiana",3806,0.4966,0.4808,0,0.0226,1976,"caldwell"
"Louisiana",3338,0.2454,0.7286,0,0.0261,1976,"cameron"
"Louisiana",4767,0.4376,0.5343,0,0.0281,1976,"catahoula"
"Louisiana",6207,0.5181,0.4658,0,0.0161,1976,"claiborne"
"Louisiana",7912,0.4865,0.4919,0,0.0216,1976,"concordia"
"Louisiana",8348,0.4314,0.5546,0,0.014,1976,"de soto"
"Louisiana",103807,0.4976,0.4812,0,0.0212,1976,"east baton rouge"
"Louisiana",4158,0.4043,0.5693,0,0.0265,1976,"east carroll"
"Louisiana",5323,0.3134,0.6547,0,0.0319,1976,"east feliciana"
"Louisiana",11558,0.3214,0.6556,0,0.0229,1976,"evangeline"
"Louisiana",7991,0.4939,0.4785,0,0.0275,1976,"franklin"
"Louisiana",6136,0.3716,0.5981,0,0.0303,1976,"grant"
"Louisiana",20753,0.5007,0.4811,0,0.0182,1976,"iberia"
"Louisiana",11389,0.3356,0.6369,0,0.0275,1976,"iberville"
"Louisiana",7060,0.4688,0.5106,0,0.0205,1976,"jackson"
"Louisiana",127560,0.5628,0.4175,0,0.0197,1976,"jefferson"
"Louisiana",10278,0.3506,0.6204,0,0.0291,1976,"jefferson davis"
"Louisiana",6310,0.501,0.4693,0,0.0298,1976,"la salle"
"Louisiana",43699,0.5219,0.4558,0,0.0223,1976,"lafayette"
"Louisiana",26266,0.4353,0.538,0,0.0267,1976,"lafourche"
"Louisiana",11969,0.5705,0.4153,0,0.0142,1976,"lincoln"
"Louisiana",15895,0.3495,0.6213,0,0.0293,1976,"livingston"
"Louisiana",7128,0.2941,0.6921,0,0.0139,1976,"madison"
"Louisiana",9692,0.559,0.4145,0,0.0265,1976,"morehouse"
"Louisiana",12517,0.4193,0.5346,0,0.0461,1976,"natchitoches"
"Louisiana",168304,0.4214,0.5533,0,0.0252,1976,"orleans"
"Louisiana",40451,0.5953,0.3891,0,0.0156,1976,"ouachita"
"Louisiana",8855,0.6835,0.2952,0,0.0213,1976,"plaquemines"
"Louisiana",7876,0.3259,0.6535,0,0.0206,1976,"pointe coupee"
"Louisiana",39264,0.4525,0.531,0,0.0165,1976,"rapides"
"Louisiana",3707,0.4661,0.5142,0,0.0197,1976,"red river"
"Louisiana",7270,0.4993,0.4807,0,0.0199,1976,"richland"
"Louisiana",8351,0.4228,0.5454,0,0.0317,1976,"sabine"
"Louisiana",26508,0.4794,0.4892,0,0.0314,1976,"st. bernard"
"Louisiana",11505,0.3711,0.5973,0,0.0316,1976,"st. charles"
"Louisiana",3788,0.2761,0.6922,0,0.0317,1976,"st. helena"
"Louisiana",7466,0.3685,0.6069,0,0.0246,1976,"st. james"
"Louisiana",9609,0.3743,0.5932,0,0.0325,1976,"st. john the baptist"
"Louisiana",26243,0.3794,0.5949,0,0.0257,1976,"st. landry"
"Louisiana",12433,0.3307,0.6428,0,0.0265,1976,"st. martin"
"Louisiana",18708,0.4767,0.5025,0,0.0207,1976,"st. mary"
"Louisiana",31399,0.5039,0.4679,0,0.0282,1976,"st. tammany"
"Louisiana",24311,0.3802,0.5936,0,0.0262,1976,"tangipahoa"
"Louisiana",3677,0.4224,0.566,0,0.0117,1976,"tensas"
"Louisiana",24282,0.5311,0.4376,0,0.0313,1976,"terrebonne"
"Louisiana",7905,0.5236,0.4554,0,0.021,1976,"union"
"Louisiana",17850,0.3436,0.63,0,0.0264,1976,"vermilion"
"Louisiana",10465,0.3794,0.5926,0,0.028,1976,"vernon"
"Louisiana",16073,0.3532,0.6222,0,0.0246,1976,"washington"
"Louisiana",15017,0.5028,0.4852,0,0.0121,1976,"webster"
"Louisiana",5884,0.3251,0.6473,0,0.0275,1976,"west baton rouge"
"Louisiana",5112,0.4709,0.5076,0,0.0215,1976,"west carroll"
"Louisiana",2926,0.3383,0.6459,0,0.0157,1976,"west feliciana"
"Louisiana",6889,0.4658,0.5143,0,0.0199,1976,"winn"
"Louisiana",15194,0.6383,0.29,0,0.0717,1972,"acadia"
"Louisiana",6028,0.5941,0.3366,0,0.0693,1972,"allen"
"Louisiana",9521,0.5448,0.3491,0,0.1061,1972,"ascension"
"Louisiana",6365,0.5893,0.3244,0,0.0863,1972,"assumption"
"Louisiana",10778,0.5776,0.315,0,0.1074,1972,"avoyelles"
"Louisiana",7139,0.6941,0.2421,0,0.0639,1972,"beauregard"
"Louisiana",5737,0.5899,0.3294,0,0.0807,1972,"bienville"
"Louisiana",16350,0.7863,0.1782,0,0.0355,1972,"bossier"
"Louisiana",65867,0.7168,0.2376,0,0.0456,1972,"caddo"
"Louisiana",42925,0.5772,0.3571,0,0.0656,1972,"calcasieu"
"Louisiana",2995,0.7699,0.1696,0,0.0604,1972,"caldwell"
"Louisiana",2284,0.609,0.3236,0,0.0674,1972,"cameron"
"Louisiana",3668,0.7315,0.2244,0,0.0442,1972,"catahoula"
"Louisiana",5356,0.6408,0.2896,0,0.0696,1972,"claiborne"
"Louisiana",7023,0.6437,0.305,0,0.0513,1972,"concordia"
"Louisiana",7153,0.5616,0.3629,0,0.0755,1972,"de soto"
"Louisiana",80542,0.6537,0.2932,0,0.0531,1972,"east baton rouge"
"Louisiana",3587,0.484,0.4631,0,0.053,1972,"east carroll"
"Louisiana",4067,0.4898,0.3941,0,0.1161,1972,"east feliciana"
"Louisiana",9201,0.6003,0.3172,0,0.0825,1972,"evangeline"
"Louisiana",6734,0.7376,0.1889,0,0.0735,1972,"franklin"
"Louisiana",4739,0.7651,0.1813,0,0.0536,1972,"grant"
"Louisiana",17940,0.6584,0.2867,0,0.0549,1972,"iberia"
"Louisiana",8466,0.4692,0.4311,0,0.0997,1972,"iberville"
"Louisiana",5935,0.6996,0.2489,0,0.0516,1972,"jackson"
"Louisiana",101841,0.7399,0.206,0,0.0541,1972,"jefferson"
"Louisiana",8949,0.6596,0.2851,0,0.0553,1972,"jefferson davis"
"Louisiana",4733,0.8151,0.1375,0,0.0473,1972,"la salle"
"Louisiana",33198,0.691,0.2633,0,0.0458,1972,"lafayette"
"Louisiana",20737,0.672,0.2755,0,0.0525,1972,"lafourche"
"Louisiana",9741,0.6915,0.2658,0,0.0427,1972,"lincoln"
"Louisiana",10253,0.7296,0.1851,0,0.0852,1972,"livingston"
